ncols         107
nrows         127
xllcorner     312847.69
yllcorner     8621436.99
cellsize      10
NODATA_value  -9999
-9999 -9999 -9999 -9999 -9999 -9999 -9999 -9999 -9999 -9999 -9999 -9999 -9999 -9999 -9999 -9999 -9999 -9999 -9999 -9999 -9999 -9999 -9999 -9999 -9999 -9999 -9999 -9999 -9999 -9999 -9999 -9999 -9999 -9999 -9999 -9999 -9999 -9999 -9999 -9999 -9999 -9999 -9999 -9999 -9999 -9999 -9999 -9999 -9999 -9999 -9999 -9999 -9999 -9999 -9999 -9999 -9999 -9999 -9999 -9999 -9999 -9999 -9999 -9999 -9999 -9999 -9999 -9999 -9999 -9999 -9999 -9999 -9999 -9999 -9999 -9999 -9999 -9999 -9999 -9999 -9999 -9999 -9999 -9999 -9999 -9999 -9999 -9999 -9999 -9999 -9999 -9999 -9999 -9999 -9999 -9999 -9999 -9999 -9999 -9999 -9999 -9999 -9999 -9999 -9999 -9999 -9999 
-9999 -9999 -9999 -9999 -9999 -9999 -9999 -9999 -9999 -9999 -9999 -9999 -9999 -9999 -9999 -9999 -9999 -9999 -9999 -9999 -9999 -9999 -9999 -9999 -9999 -9999 -9999 -9999 -9999 -9999 0.7667122 1.161566 -9999 -9999 -9999 -9999 -9999 -9999 -9999 -9999 -9999 -9999 -9999 -9999 -9999 -9999 -9999 -9999 -9999 -9999 -9999 -9999 -9999 -9999 -9999 -9999 -9999 -9999 -9999 -9999 -9999 -9999 -9999 -9999 -9999 -9999 -9999 -9999 -9999 -9999 -9999 -9999 -9999 -9999 -9999 -9999 -9999 -9999 -9999 -9999 -9999 -9999 -9999 -9999 -9999 -9999 -9999 -9999 -9999 -9999 -9999 -9999 -9999 -9999 -9999 -9999 -9999 -9999 -9999 -9999 -9999 -9999 -9999 -9999 -9999 -9999 -9999 
-9999 -9999 -9999 -9999 -9999 -9999 -9999 -9999 -9999 -9999 -9999 -9999 -9999 -9999 -9999 -9999 -9999 -9999 -9999 -9999 -9999 -9999 -9999 -9999 -9999 -9999 -9999 -9999 -9999 -9999 2.453003 3.314918 1.740542 -9999 -9999 -9999 -9999 -9999 -9999 -9999 -9999 -9999 -9999 -9999 -9999 -9999 -9999 -9999 -9999 -9999 -9999 -9999 -9999 -9999 -9999 -9999 -9999 -9999 -9999 -9999 -9999 -9999 -9999 -9999 -9999 -9999 -9999 -9999 -9999 -9999 -9999 -9999 -9999 -9999 -9999 -9999 -9999 -9999 -9999 -9999 -9999 -9999 -9999 -9999 -9999 -9999 -9999 -9999 -9999 -9999 -9999 -9999 -9999 -9999 -9999 -9999 -9999 -9999 -9999 -9999 -9999 -9999 -9999 -9999 -9999 -9999 -9999 
-9999 -9999 -9999 -9999 -9999 -9999 -9999 -9999 -9999 -9999 -9999 -9999 -9999 -9999 -9999 -9999 -9999 -9999 -9999 -9999 -9999 -9999 -9999 -9999 -9999 -9999 -9999 -9999 -9999 4.145037 5.292044 6.966432 7.263825 -9999 -9999 -9999 -9999 -9999 -9999 -9999 -9999 -9999 -9999 -9999 -9999 -9999 -9999 -9999 -9999 -9999 -9999 -9999 -9999 -9999 -9999 -9999 -9999 -9999 -9999 -9999 -9999 -9999 -9999 -9999 -9999 -9999 -9999 -9999 -9999 -9999 -9999 -9999 -9999 -9999 -9999 -9999 -9999 -9999 -9999 -9999 -9999 -9999 -9999 -9999 -9999 -9999 -9999 -9999 -9999 -9999 -9999 -9999 -9999 -9999 -9999 -9999 -9999 -9999 -9999 -9999 -9999 -9999 -9999 -9999 -9999 -9999 -9999 
-9999 -9999 -9999 -9999 -9999 -9999 -9999 -9999 -9999 -9999 -9999 -9999 -9999 -9999 -9999 -9999 -9999 -9999 -9999 -9999 -9999 -9999 -9999 -9999 -9999 -9999 -9999 -9999 -9999 19.149 9.911351 11.64878 15.8272 11.80089 -9999 -9999 -9999 -9999 -9999 -9999 -9999 -9999 -9999 -9999 -9999 -9999 -9999 -9999 -9999 -9999 -9999 -9999 -9999 -9999 -9999 -9999 -9999 -9999 -9999 -9999 -9999 -9999 -9999 -9999 -9999 -9999 -9999 -9999 -9999 -9999 -9999 -9999 -9999 -9999 -9999 -9999 -9999 -9999 -9999 -9999 -9999 -9999 -9999 -9999 -9999 -9999 -9999 -9999 -9999 -9999 -9999 -9999 -9999 -9999 -9999 -9999 -9999 -9999 -9999 -9999 -9999 -9999 -9999 -9999 -9999 -9999 -9999 
-9999 -9999 -9999 -9999 -9999 -9999 -9999 -9999 -9999 -9999 -9999 -9999 -9999 -9999 -9999 -9999 -9999 -9999 -9999 -9999 -9999 -9999 -9999 -9999 -9999 -9999 -9999 17.00566 26.55965 29.96522 19.06889 11.29775 17.33748 15.80565 -9999 -9999 -9999 -9999 -9999 -9999 -9999 -9999 -9999 -9999 -9999 -9999 -9999 -9999 -9999 -9999 -9999 -9999 -9999 -9999 -9999 -9999 -9999 -9999 -9999 -9999 -9999 -9999 -9999 -9999 -9999 -9999 -9999 -9999 -9999 -9999 -9999 -9999 -9999 -9999 -9999 -9999 -9999 -9999 -9999 -9999 -9999 -9999 -9999 -9999 -9999 -9999 -9999 -9999 -9999 -9999 -9999 -9999 -9999 -9999 -9999 -9999 -9999 -9999 -9999 -9999 -9999 -9999 -9999 -9999 -9999 -9999 -9999 
-9999 -9999 -9999 -9999 -9999 -9999 -9999 -9999 -9999 -9999 -9999 -9999 -9999 -9999 -9999 -9999 -9999 -9999 -9999 -9999 -9999 -9999 -9999 -9999 -9999 -9999 24.34767 31.37797 29.34282 27.56681 24.07868 5.931071 17.41161 9.422894 3.975723 4.864143 11.22393 9.604813 -9999 -9999 -9999 -9999 -9999 -9999 -9999 -9999 -9999 -9999 -9999 -9999 -9999 -9999 -9999 -9999 -9999 -9999 -9999 -9999 -9999 -9999 -9999 -9999 -9999 -9999 -9999 -9999 -9999 -9999 -9999 -9999 -9999 -9999 -9999 -9999 -9999 -9999 -9999 -9999 -9999 -9999 -9999 -9999 -9999 -9999 -9999 -9999 -9999 -9999 -9999 -9999 -9999 -9999 -9999 -9999 -9999 -9999 -9999 -9999 -9999 -9999 -9999 -9999 -9999 -9999 -9999 -9999 -9999 
-9999 -9999 -9999 -9999 -9999 -9999 -9999 -9999 -9999 -9999 -9999 -9999 -9999 -9999 -9999 -9999 -9999 -9999 -9999 -9999 -9999 -9999 -9999 -9999 2.630247 15.89303 25.87982 27.78986 27.46909 23.94414 22.13022 6.710652 13.35524 13.33815 9.567796 10.53747 16.05772 17.45884 17.00763 13.03947 11.18938 10.2187 7.916577 2.789625 -9999 -9999 -9999 -9999 -9999 -9999 -9999 -9999 -9999 -9999 -9999 -9999 -9999 -9999 -9999 -9999 -9999 -9999 -9999 -9999 -9999 -9999 -9999 -9999 -9999 -9999 -9999 -9999 -9999 -9999 -9999 -9999 -9999 -9999 -9999 -9999 -9999 -9999 -9999 -9999 -9999 -9999 -9999 -9999 -9999 -9999 -9999 -9999 -9999 -9999 -9999 -9999 -9999 -9999 -9999 -9999 -9999 -9999 -9999 -9999 -9999 -9999 -9999 
-9999 -9999 -9999 -9999 -9999 -9999 -9999 -9999 -9999 -9999 -9999 -9999 -9999 -9999 -9999 -9999 -9999 -9999 -9999 -9999 -9999 -9999 -9999 1.767481 4.252637 12.21831 23.0952 28.7134 28.95695 26.854 21.54601 8.123355 7.424961 12.20672 14.87322 18.0534 19.70147 19.34765 17.8804 16.4932 14.33879 13.95969 12.24824 6.865278 3.826838 3.10107 3.269249 2.425503 -9999 -9999 -9999 -9999 -9999 -9999 -9999 -9999 -9999 -9999 -9999 -9999 -9999 -9999 -9999 -9999 -9999 -9999 -9999 -9999 -9999 -9999 -9999 -9999 -9999 -9999 -9999 -9999 -9999 -9999 -9999 -9999 -9999 -9999 -9999 -9999 -9999 -9999 -9999 -9999 -9999 -9999 -9999 -9999 -9999 -9999 -9999 -9999 -9999 -9999 -9999 -9999 -9999 -9999 -9999 -9999 -9999 -9999 -9999 
-9999 -9999 -9999 -9999 -9999 -9999 -9999 -9999 -9999 -9999 -9999 -9999 -9999 -9999 -9999 -9999 -9999 -9999 -9999 -9999 -9999 -9999 0.8513825 2.346138 4.375588 12.59734 25.31657 31.28381 30.33152 29.5956 19.83422 3.10757 4.490696 1.820852 7.299694 19.33344 25.01611 22.3176 17.13746 14.78815 14.53188 14.9682 14.12585 11.3726 8.310905 6.562913 4.805857 2.454945 1.611073 1.054867 -9999 -9999 -9999 -9999 -9999 -9999 -9999 -9999 -9999 -9999 -9999 -9999 -9999 -9999 -9999 -9999 -9999 -9999 -9999 -9999 -9999 -9999 -9999 -9999 -9999 -9999 -9999 -9999 -9999 -9999 -9999 -9999 -9999 -9999 -9999 -9999 -9999 -9999 -9999 -9999 -9999 -9999 -9999 -9999 -9999 -9999 -9999 -9999 -9999 -9999 -9999 -9999 -9999 -9999 -9999 -9999 -9999 
-9999 -9999 -9999 -9999 -9999 -9999 -9999 -9999 -9999 -9999 -9999 -9999 -9999 -9999 -9999 -9999 -9999 -9999 -9999 -9999 -9999 -9999 0.5762548 1.553127 5.06953 16.19076 29.50963 33.70843 30.93768 29.05609 16.01325 3.491676 9.902891 11.56813 9.299184 8.456902 25.14723 27.90552 18.99321 13.79169 14.1202 15.78856 15.55075 13.90735 12.12243 10.44639 7.368938 4.385997 3.164922 2.248645 1.300372 -9999 -9999 -9999 -9999 -9999 -9999 -9999 -9999 -9999 -9999 -9999 -9999 -9999 -9999 -9999 -9999 -9999 -9999 -9999 -9999 -9999 -9999 -9999 -9999 -9999 -9999 -9999 -9999 -9999 -9999 -9999 -9999 -9999 -9999 -9999 -9999 -9999 -9999 -9999 -9999 -9999 -9999 -9999 -9999 -9999 -9999 -9999 -9999 -9999 -9999 -9999 -9999 -9999 -9999 -9999 -9999 
-9999 -9999 -9999 -9999 -9999 -9999 -9999 -9999 -9999 -9999 -9999 -9999 -9999 -9999 -9999 -9999 -9999 -9999 -9999 -9999 0.2976137 0.2874591 0.5317084 2.744169 9.675294 22.78462 33.24733 34.54959 31.27343 25.3896 9.770029 8.233193 13.1923 11.5842 15.39219 10.38638 13.36164 29.44177 22.87744 14.76928 14.80159 16.91595 17.41569 16.64556 16.17413 15.1562 11.56695 7.432507 4.879811 2.968335 1.947092 1.485347 -9999 -9999 -9999 -9999 -9999 -9999 -9999 -9999 -9999 -9999 -9999 -9999 -9999 -9999 -9999 -9999 -9999 -9999 -9999 -9999 -9999 -9999 -9999 -9999 -9999 -9999 -9999 -9999 -9999 -9999 -9999 -9999 -9999 -9999 -9999 -9999 -9999 -9999 -9999 -9999 -9999 -9999 -9999 -9999 -9999 -9999 -9999 -9999 -9999 -9999 -9999 -9999 -9999 -9999 -9999 
-9999 -9999 -9999 -9999 -9999 -9999 -9999 -9999 -9999 -9999 -9999 -9999 -9999 -9999 -9999 -9999 -9999 -9999 0.3086088 0.4114273 0.8083822 1.346849 1.904977 4.986415 14.30142 26.41982 32.4954 31.66788 29.78496 20.12081 3.003845 10.27496 14.69347 13.32225 12.86682 18.79699 1.890281 23.75616 23.51751 15.81191 15.82059 18.69583 21.02669 21.36962 21.03764 20.82068 18.62504 13.97488 9.42712 5.773283 3.719014 2.880499 2.096046 0.6262115 -9999 -9999 -9999 -9999 -9999 -9999 -9999 -9999 -9999 -9999 -9999 -9999 -9999 -9999 -9999 -9999 -9999 -9999 -9999 -9999 -9999 -9999 -9999 -9999 -9999 -9999 -9999 -9999 -9999 -9999 -9999 -9999 -9999 -9999 -9999 -9999 -9999 -9999 -9999 -9999 -9999 -9999 -9999 -9999 -9999 -9999 -9999 -9999 -9999 -9999 -9999 -9999 -9999 
-9999 -9999 -9999 -9999 -9999 -9999 -9999 -9999 -9999 -9999 -9999 -9999 -9999 -9999 -9999 -9999 -9999 -9999 0.4670703 1.298974 2.339736 3.494881 4.288873 7.298784 16.52008 25.746 28.87752 28.17275 27.72003 17.96829 2.028935 9.795876 15.93868 14.66681 0.9752961 18.39324 9.035933 16.61222 19.88835 15.69524 16.96523 20.58723 24.1564 25.15216 24.47957 24.51021 24.45527 21.68742 16.75681 10.87372 6.293825 4.405623 2.845526 1.280904 0.3707843 -9999 -9999 -9999 -9999 -9999 -9999 -9999 -9999 -9999 -9999 -9999 -9999 -9999 -9999 -9999 -9999 -9999 -9999 -9999 -9999 -9999 -9999 -9999 -9999 -9999 -9999 -9999 -9999 -9999 -9999 -9999 -9999 -9999 -9999 -9999 -9999 -9999 -9999 -9999 -9999 -9999 -9999 -9999 -9999 -9999 -9999 -9999 -9999 -9999 -9999 -9999 -9999 
-9999 -9999 -9999 -9999 -9999 -9999 -9999 -9999 -9999 -9999 -9999 -9999 -9999 -9999 -9999 -9999 -9999 -9999 0.6040138 1.994567 3.400583 4.679126 7.43794 11.43783 17.44828 22.85934 24.15369 25.12585 26.11968 21.00759 9.67943 5.106402 15.50738 16.04736 8.879251 16.23904 9.266152 10.52633 15.22285 14.46461 17.11394 19.82994 22.20758 24.00243 24.42282 25.6693 27.43821 26.65856 23.24204 17.43647 10.62193 6.229588 3.915076 2.046315 0.7294037 -9999 -9999 -9999 -9999 -9999 -9999 -9999 -9999 -9999 -9999 -9999 -9999 -9999 -9999 -9999 -9999 -9999 -9999 -9999 -9999 -9999 -9999 -9999 -9999 -9999 -9999 -9999 -9999 -9999 -9999 -9999 -9999 -9999 -9999 -9999 -9999 -9999 -9999 -9999 -9999 -9999 -9999 -9999 -9999 -9999 -9999 -9999 -9999 -9999 -9999 -9999 -9999 
-9999 -9999 -9999 -9999 -9999 -9999 -9999 -9999 -9999 -9999 -9999 -9999 -9999 -9999 -9999 -9999 -9999 -9999 0.8883612 2.558076 4.424692 5.75988 8.970583 13.51438 18.15973 21.90722 20.25708 18.75092 20.54457 19.5729 15.21813 7.848743 9.477436 12.39131 4.549142 9.648639 8.086175 3.37533 10.10801 10.74037 9.985381 10.21001 13.16124 17.63528 19.98117 22.97658 27.25148 29.12391 27.33249 22.68253 15.46535 8.911668 5.113013 2.6769 0.8592885 0.4374123 -9999 -9999 -9999 -9999 -9999 -9999 -9999 -9999 -9999 -9999 -9999 -9999 -9999 -9999 -9999 -9999 -9999 -9999 -9999 -9999 -9999 -9999 -9999 -9999 -9999 -9999 -9999 -9999 -9999 -9999 -9999 -9999 -9999 -9999 -9999 -9999 -9999 -9999 -9999 -9999 -9999 -9999 -9999 -9999 -9999 -9999 -9999 -9999 -9999 -9999 -9999 
-9999 -9999 -9999 -9999 -9999 -9999 -9999 -9999 -9999 -9999 -9999 -9999 -9999 -9999 -9999 -9999 -9999 0.4049312 1.150743 2.770576 4.531366 5.798903 8.765965 12.16717 17.28054 23.44566 21.48157 16.57795 14.91232 12.82882 10.59852 7.503889 4.432987 10.95195 7.746535 10.71619 14.04889 9.909196 2.708019 3.455308 2.785051 1.340923 3.798638 9.769157 12.10017 14.38014 20.42196 27.57138 28.80781 24.9099 18.73775 11.57761 6.501306 3.317708 0.692654 0.3442922 -9999 -9999 -9999 -9999 -9999 -9999 -9999 -9999 -9999 -9999 -9999 -9999 -9999 -9999 -9999 -9999 -9999 -9999 -9999 -9999 -9999 -9999 -9999 -9999 -9999 -9999 -9999 -9999 -9999 -9999 -9999 -9999 -9999 -9999 -9999 -9999 -9999 -9999 -9999 -9999 -9999 -9999 -9999 -9999 -9999 -9999 -9999 -9999 -9999 -9999 -9999 
-9999 -9999 -9999 -9999 -9999 -9999 -9999 -9999 -9999 -9999 -9999 -9999 -9999 -9999 -9999 -9999 -9999 0.3360239 1.035576 2.535944 4.178103 5.256924 8.295929 14.95334 23.34102 27.71328 21.07851 15.42982 15.03809 11.41502 6.324584 3.119333 7.222268 16.99987 18.31707 19.02803 23.28635 24.17509 21.91752 17.59158 13.13929 9.549099 3.630628 3.930132 6.956069 8.173114 13.33795 23.95302 28.98269 25.38409 19.50209 13.05923 8.051264 4.347212 0.9876738 0.3061068 -9999 -9999 -9999 -9999 -9999 -9999 -9999 -9999 -9999 -9999 -9999 -9999 -9999 -9999 -9999 -9999 -9999 -9999 -9999 -9999 -9999 -9999 -9999 -9999 -9999 -9999 -9999 -9999 -9999 -9999 -9999 -9999 -9999 -9999 -9999 -9999 -9999 -9999 -9999 -9999 -9999 -9999 -9999 -9999 -9999 -9999 -9999 -9999 -9999 -9999 -9999 
-9999 -9999 -9999 -9999 -9999 -9999 -9999 -9999 -9999 -9999 -9999 -9999 -9999 -9999 -9999 -9999 -9999 0.5348649 0.9212576 1.923444 3.108245 3.804729 5.19083 12.73619 26.47408 31.79741 24.85033 15.78082 10.43678 3.763917 2.982864 9.777744 18.85119 25.38308 25.27147 24.49334 28.45401 31.22205 31.31194 27.53411 21.58601 17.97051 12.30571 4.996068 1.686963 6.171108 11.84027 22.07457 28.96391 26.32148 19.43012 14.22344 10.21045 5.563945 1.46531 0.1390077 -9999 -9999 -9999 -9999 -9999 -9999 -9999 -9999 -9999 -9999 -9999 -9999 -9999 -9999 -9999 -9999 -9999 -9999 -9999 -9999 -9999 -9999 -9999 -9999 -9999 -9999 -9999 -9999 -9999 -9999 -9999 -9999 -9999 -9999 -9999 -9999 -9999 -9999 -9999 -9999 -9999 -9999 -9999 -9999 -9999 -9999 -9999 -9999 -9999 -9999 -9999 
-9999 -9999 -9999 -9999 -9999 -9999 -9999 -9999 -9999 -9999 -9999 -9999 -9999 -9999 -9999 0.527404 0.9652849 1.471548 2.285906 2.750679 2.20413 1.773396 3.609597 12.75563 25.66272 30.9074 28.09758 19.15979 4.562028 6.809246 10.87952 15.90994 22.6976 25.52673 24.53749 23.90444 26.71246 28.76969 26.61474 22.3237 19.75353 19.42871 16.39682 12.77851 7.832858 3.364229 11.08696 20.18358 26.97204 27.39105 22.29689 18.77988 15.19683 8.881987 3.487337 0.6262449 0.4687625 -9999 -9999 -9999 -9999 -9999 -9999 -9999 -9999 -9999 -9999 -9999 -9999 -9999 -9999 -9999 -9999 -9999 -9999 -9999 -9999 -9999 -9999 -9999 -9999 -9999 -9999 -9999 -9999 -9999 -9999 -9999 -9999 -9999 -9999 -9999 -9999 -9999 -9999 -9999 -9999 -9999 -9999 -9999 -9999 -9999 -9999 -9999 -9999 -9999 -9999 
-9999 -9999 -9999 -9999 -9999 -9999 -9999 -9999 -9999 -9999 -9999 -9999 -9999 1.04567 1.79226 2.716222 3.61667 4.315886 5.505269 6.369948 6.654347 6.895455 8.632536 14.92016 22.92929 27.41999 28.38781 21.09897 3.28466 9.924311 8.606981 12.15298 19.59617 21.3444 19.55769 17.33909 13.90835 15.91587 17.56151 14.82774 14.39118 14.69615 12.86456 11.60237 10.72194 5.389727 7.147027 16.92753 23.75368 27.21715 26.20466 25.14752 22.21976 14.54697 6.801861 1.708474 0.2120447 -9999 -9999 -9999 -9999 -9999 -9999 -9999 -9999 -9999 -9999 -9999 -9999 -9999 -9999 -9999 -9999 -9999 -9999 -9999 -9999 -9999 -9999 -9999 -9999 -9999 -9999 -9999 -9999 -9999 -9999 -9999 -9999 -9999 -9999 -9999 -9999 -9999 -9999 -9999 -9999 -9999 -9999 -9999 -9999 -9999 -9999 -9999 -9999 -9999 -9999 
-9999 -9999 -9999 -9999 -9999 -9999 -9999 0.5629548 0.6404591 0.8098808 0.3465656 1.733682 3.520262 4.974469 6.982108 8.104034 8.572866 9.123605 10.56769 11.78726 12.94086 14.61019 16.86077 19.76725 21.00036 20.74 24.67756 22.87078 4.823241 10.95443 8.774446 10.95046 18.8136 21.3161 16.43779 10.58317 2.179812 8.374767 13.18933 12.92607 12.83481 11.37708 9.693914 8.416383 8.04576 7.079207 1.618555 11.13086 19.34442 24.65527 26.04855 26.77557 25.57552 19.07423 10.88885 3.971419 1.242247 0.7226026 0.2735591 -9999 -9999 -9999 -9999 -9999 -9999 -9999 -9999 -9999 -9999 -9999 -9999 -9999 -9999 -9999 -9999 -9999 -9999 -9999 -9999 -9999 -9999 -9999 -9999 -9999 -9999 -9999 -9999 -9999 -9999 -9999 -9999 -9999 -9999 -9999 -9999 -9999 -9999 -9999 -9999 -9999 -9999 -9999 -9999 -9999 -9999 -9999 -9999 
-9999 -9999 0.2575408 0.2520232 0.6410342 1.075551 0.8409088 0.2291244 0.2434423 0.3347494 2.399774 6.343599 10.4234 12.96696 14.28145 14.92139 15.09431 15.49826 16.38243 16.81065 17.73433 19.96745 22.43026 24.50619 23.95034 20.16175 20.06314 19.65041 4.422878 11.67918 12.34332 11.89872 16.05016 20.01125 16.09493 7.817328 1.697904 8.733891 13.02594 13.00398 11.17358 9.735247 8.869053 7.574189 6.324233 6.781818 4.931492 2.567948 11.61827 20.29214 25.65099 28.79471 27.72194 22.67837 16.86443 8.962596 3.848438 1.379083 0.05563163 0.9215341 1.523266 -9999 -9999 -9999 -9999 -9999 -9999 -9999 -9999 -9999 -9999 -9999 -9999 -9999 -9999 -9999 -9999 -9999 -9999 -9999 -9999 -9999 -9999 -9999 -9999 -9999 -9999 -9999 -9999 -9999 -9999 -9999 -9999 -9999 -9999 -9999 -9999 -9999 -9999 -9999 -9999 -9999 -9999 -9999 -9999 -9999 -9999 
-9999 -9999 0.5709708 0.5005896 1.484072 2.354068 2.989816 3.520782 4.307202 5.855757 9.450527 14.2697 18.1767 20.30715 21.13914 21.16843 21.37037 22.04834 22.07269 21.55847 22.38226 24.51593 26.66929 27.87664 25.52012 22.84167 20.95853 14.10025 1.573128 12.72429 16.39303 13.87502 13.99339 16.08718 15.21706 7.671153 1.479509 8.034971 12.12791 12.57726 10.8284 9.988167 9.795729 8.021699 6.111498 6.380793 6.796842 4.635965 0.8852599 9.945693 21.17887 30.45146 32.16221 29.33108 25.26414 17.48501 9.999578 5.140197 2.037654 1.385859 1.690028 1.517353 1.143711 -9999 -9999 -9999 -9999 -9999 -9999 -9999 -9999 -9999 -9999 -9999 -9999 -9999 -9999 -9999 -9999 -9999 -9999 -9999 -9999 -9999 -9999 -9999 -9999 -9999 -9999 -9999 -9999 -9999 -9999 -9999 -9999 -9999 -9999 -9999 -9999 -9999 -9999 -9999 -9999 -9999 -9999 -9999 -9999 
-9999 -9999 0.9148752 1.285869 2.870988 5.02776 7.069536 8.954019 10.59919 13.17954 17.35164 20.78432 22.16529 21.83134 21.19875 21.78151 23.68097 26.05162 26.59853 25.52994 24.85267 24.99051 23.96206 19.89763 11.8103 6.404066 6.944893 5.350569 4.203033 12.40362 19.19551 14.9297 12.86563 13.23675 12.96273 8.508368 3.771155 8.904256 13.22325 14.34281 12.86652 11.94689 12.5891 11.16749 8.862186 7.902816 7.668574 7.186792 5.704654 2.016941 9.938942 23.09944 32.46134 35.08239 32.45068 25.69273 18.47922 12.74774 8.200618 5.48568 4.436098 3.627608 2.384227 0.7016612 -9999 -9999 -9999 -9999 -9999 -9999 -9999 -9999 -9999 -9999 -9999 -9999 -9999 -9999 -9999 -9999 -9999 -9999 -9999 -9999 -9999 -9999 -9999 -9999 -9999 -9999 -9999 -9999 -9999 -9999 -9999 -9999 -9999 -9999 -9999 -9999 -9999 -9999 -9999 -9999 -9999 -9999 -9999 
-9999 -9999 1.141587 2.293296 4.943871 8.39465 11.03972 13.52248 16.54283 19.46361 21.35394 21.98117 20.90588 18.24859 15.75795 15.38652 15.92808 15.41037 16.14423 18.19232 17.94348 14.59808 7.110579 2.484138 9.500882 12.30958 14.7683 13.66668 9.787818 8.859578 20.86699 16.50856 12.95364 12.09378 11.39142 9.154715 5.43196 7.698429 12.47314 14.99221 14.96313 14.25404 14.45656 13.32501 11.1521 9.522469 8.77353 8.175691 7.290632 5.433986 1.745529 7.789429 19.60748 31.07649 34.88997 30.44131 24.73342 19.80001 16.44301 13.88575 11.26848 8.502744 5.463053 2.570999 1.260064 -9999 -9999 -9999 -9999 -9999 -9999 -9999 -9999 -9999 -9999 -9999 -9999 -9999 -9999 -9999 -9999 -9999 -9999 -9999 -9999 -9999 -9999 -9999 -9999 -9999 -9999 -9999 -9999 -9999 -9999 -9999 -9999 -9999 -9999 -9999 -9999 -9999 -9999 -9999 -9999 -9999 -9999 
-9999 -9999 0.9567664 2.968503 6.486868 9.986801 11.26424 11.65596 13.50752 15.33599 14.86988 13.52831 10.60206 7.014925 4.905864 4.37365 5.380496 7.236071 9.538628 7.490976 3.929708 2.212265 11.49385 16.41842 14.91136 11.50777 11.23616 12.06936 13.75336 6.679876 20.25839 18.25729 14.49535 12.34468 10.30936 8.368574 5.107648 5.07914 9.841511 13.43407 14.78683 14.57002 14.10397 13.02627 11.57225 10.29978 9.645099 9.226103 8.616104 7.419713 5.913688 3.385823 3.517859 17.64605 29.13898 30.52384 28.38452 25.29688 23.28267 21.18205 18.06993 14.87719 11.59431 7.696826 4.071824 3.066139 1.126395 -9999 -9999 -9999 -9999 -9999 -9999 -9999 -9999 -9999 -9999 -9999 -9999 -9999 -9999 -9999 -9999 -9999 -9999 -9999 -9999 -9999 -9999 -9999 -9999 -9999 -9999 -9999 -9999 -9999 -9999 -9999 -9999 -9999 -9999 -9999 -9999 -9999 -9999 -9999 -9999 
-9999 -9999 1.556957 3.248248 6.928207 11.14778 12.90257 12.88103 11.63501 9.171446 8.061521 9.413289 11.71459 14.70431 16.06556 15.9862 13.9422 15.72725 13.70795 2.345907 8.556282 12.3556 15.40675 13.17767 10.08883 9.744107 9.658099 9.626721 13.41466 6.389457 18.20356 18.64748 15.51328 12.10922 9.300393 7.864275 5.626154 4.631297 7.361775 9.626141 11.67445 12.98078 12.65976 11.73181 10.95457 10.31618 9.767888 9.443942 8.882297 7.84064 7.072554 6.387177 4.668121 5.198764 17.46334 24.35954 27.22898 27.13739 25.60979 23.81782 21.57788 19.47759 17.57726 14.10395 9.440995 5.365775 1.774709 0.6523552 -9999 -9999 -9999 -9999 -9999 -9999 -9999 -9999 -9999 -9999 -9999 -9999 -9999 -9999 -9999 -9999 -9999 -9999 -9999 -9999 -9999 -9999 -9999 -9999 -9999 -9999 -9999 -9999 -9999 -9999 -9999 -9999 -9999 -9999 -9999 -9999 -9999 -9999 -9999 
-9999 -9999 1.294451 2.281176 5.941252 10.71607 13.34801 14.66533 15.55448 13.96899 9.963851 8.61368 10.96732 12.38807 11.88983 9.759732 9.805121 19.15384 12.97712 9.134878 13.13241 13.45142 12.68072 10.19684 8.741514 10.52388 11.01815 10.69665 12.92094 4.029252 15.39608 18.9376 16.9629 12.59219 9.540805 8.590775 6.519433 3.726095 5.70553 6.510578 8.48419 10.80022 10.55896 9.384851 8.815653 9.155994 9.312565 9.203835 8.586232 6.879617 5.855274 5.814289 5.876567 1.873215 7.850007 12.85022 15.95132 19.66371 20.84121 20.93055 20.70566 20.32202 20.47067 19.27108 15.75305 9.19566 2.786935 1.408122 1.638536 0.4623063 -9999 -9999 -9999 -9999 -9999 -9999 -9999 -9999 -9999 -9999 -9999 -9999 -9999 -9999 -9999 -9999 -9999 -9999 -9999 -9999 -9999 -9999 -9999 -9999 -9999 -9999 -9999 -9999 -9999 -9999 -9999 -9999 -9999 -9999 -9999 -9999 -9999 
-9999 -9999 -9999 0.7750967 2.581478 7.493814 10.23943 9.506023 10.844 13.92497 11.53796 7.244558 4.862101 4.021675 8.472661 10.92985 14.79718 16.73396 6.701412 8.942161 12.63725 12.24788 13.07204 12.59868 11.27129 11.76797 13.18219 15.17476 16.54286 9.251277 11.95244 19.84858 19.72374 14.3208 10.542 7.979099 4.530051 1.254793 5.798407 6.348614 7.428659 9.755035 9.471444 6.822369 5.194457 6.463743 8.230681 8.891728 8.227932 6.286408 4.158731 3.176351 4.449545 2.344568 9.88971 14.1435 10.63958 6.388044 6.14733 8.761084 11.93319 15.07545 18.9851 21.62155 21.30859 15.19085 7.128949 3.452158 2.030191 1.125982 0.4297018 -9999 -9999 -9999 -9999 -9999 -9999 -9999 -9999 -9999 -9999 -9999 -9999 -9999 -9999 -9999 -9999 -9999 -9999 -9999 -9999 -9999 -9999 -9999 -9999 -9999 -9999 -9999 -9999 -9999 -9999 -9999 -9999 -9999 -9999 -9999 -9999 
-9999 -9999 -9999 2.60624 4.306765 9.162098 13.63638 12.96429 14.14167 17.79283 14.59608 10.40972 12.85527 14.53483 15.94728 13.92108 10.75326 8.447449 5.909696 8.254242 12.26933 11.89535 12.11646 12.59874 12.28721 12.93274 14.85527 17.85928 20.12948 17.04704 8.912756 19.20889 22.30072 15.54557 9.067652 4.646732 1.106005 3.157226 6.784275 7.619256 8.206286 10.33799 10.20663 6.689456 3.005883 2.380729 6.262083 8.715264 9.054527 9.203812 7.516626 5.642243 4.344793 3.935832 18.60865 22.37881 21.74525 22.29155 19.61002 15.24604 10.37667 6.132333 9.567739 17.15256 21.61066 19.31803 11.97365 5.270836 2.323156 1.630097 0.737995 -9999 -9999 -9999 -9999 -9999 -9999 -9999 -9999 -9999 -9999 -9999 -9999 -9999 -9999 -9999 -9999 -9999 -9999 -9999 -9999 -9999 -9999 -9999 -9999 -9999 -9999 -9999 -9999 -9999 -9999 -9999 -9999 -9999 -9999 -9999 -9999 
-9999 -9999 -9999 2.904819 7.36328 12.17926 14.51478 12.49697 12.51884 14.72817 9.761257 2.538272 3.612281 4.419772 3.584121 11.41366 17.91922 21.32602 19.55659 11.01726 8.939629 13.74609 12.20541 11.80736 12.64928 13.32403 14.75602 17.21999 18.30346 17.62415 7.831936 16.71386 22.92601 16.30844 7.420844 1.821452 1.058265 3.988551 7.218278 8.381802 9.215124 10.94081 10.47144 7.936383 7.930933 10.42803 12.84841 13.95903 13.58297 10.64375 4.397968 0.645912 3.50226 14.36171 24.30702 22.31894 19.85893 24.36965 27.81897 27.02296 24.13788 19.97999 12.90947 8.335643 15.2745 19.56153 16.14893 7.717299 3.38539 2.374119 1.133354 -9999 -9999 -9999 -9999 -9999 -9999 -9999 -9999 -9999 -9999 -9999 -9999 -9999 -9999 -9999 -9999 -9999 -9999 -9999 -9999 -9999 -9999 -9999 -9999 -9999 -9999 -9999 -9999 -9999 -9999 -9999 -9999 -9999 -9999 -9999 -9999 
-9999 -9999 -9999 -9999 4.48431 7.772017 10.21611 9.610372 10.72853 12.20026 8.029855 14.4072 18.47026 21.86921 27.59113 31.56915 32.94396 32.33823 29.57289 22.62768 7.056038 12.86664 16.53765 13.89973 12.97839 12.83719 14.37507 16.57501 17.62066 18.97258 10.59269 12.99103 20.9674 16.64861 7.609598 1.55617 1.850262 4.965665 8.105283 9.341559 10.0382 10.37588 8.853538 5.919281 3.771859 3.9857 6.6147 9.904677 10.43996 3.733839 3.68129 7.11977 11.89592 20.20585 23.58423 21.37586 19.87466 21.46186 24.02848 25.83221 26.85424 27.39347 24.19156 14.84037 9.294829 17.76396 18.61758 10.42688 4.063613 2.709048 1.842748 -9999 -9999 -9999 -9999 -9999 -9999 -9999 -9999 -9999 -9999 -9999 -9999 -9999 -9999 -9999 -9999 -9999 -9999 -9999 -9999 -9999 -9999 -9999 -9999 -9999 -9999 -9999 -9999 -9999 -9999 -9999 -9999 -9999 -9999 -9999 -9999 
-9999 -9999 -9999 -9999 1.845921 4.72402 9.66522 10.58042 10.57589 8.1696 13.62941 22.19961 27.95452 31.57417 32.22908 31.43315 30.81513 30.367 30.82405 30.35558 20.0216 4.906445 17.81391 20.21462 16.11495 10.99317 12.58735 15.97091 18.99675 21.3352 17.13669 8.38953 16.54359 16.92442 9.464423 2.819517 2.08534 5.779127 8.865444 10.34445 10.23634 8.252832 5.836162 6.33241 8.535478 11.47907 14.12775 15.94525 13.5487 3.105849 6.491973 6.783245 11.82944 17.62697 19.94986 19.54956 18.84464 17.85452 15.18162 16.68069 18.55733 20.44094 22.9003 20.21307 12.37385 13.34066 18.13148 12.65673 4.862051 2.372455 1.706161 -9999 -9999 -9999 -9999 -9999 -9999 -9999 -9999 -9999 -9999 -9999 -9999 -9999 -9999 -9999 -9999 -9999 -9999 -9999 -9999 -9999 -9999 -9999 -9999 -9999 -9999 -9999 -9999 -9999 -9999 -9999 -9999 -9999 -9999 -9999 -9999 
-9999 -9999 -9999 -9999 1.878516 3.817128 10.32894 11.99193 8.994616 4.329488 17.36006 20.8828 23.6683 27.96823 29.19933 29.15435 29.06789 29.14722 31.72654 34.35726 31.04229 15.87881 10.81347 23.73082 22.2286 10.25796 7.877654 12.86496 17.15989 18.5662 17.77057 8.952316 10.19337 16.3143 11.56141 4.791664 1.380644 6.421588 9.905941 10.71359 9.092891 5.552059 5.071172 6.182576 4.905069 3.179153 8.085784 14.65646 13.72192 3.60303 6.315704 6.984026 10.06436 15.37027 18.06155 18.24893 17.74775 15.80007 8.562963 5.889905 6.96344 8.045386 14.0269 18.32006 17.11894 11.88044 14.66829 13.77119 5.678207 2.513967 1.766783 -9999 -9999 -9999 -9999 -9999 -9999 -9999 -9999 -9999 -9999 -9999 -9999 -9999 -9999 -9999 -9999 -9999 -9999 -9999 -9999 -9999 -9999 -9999 -9999 -9999 -9999 -9999 -9999 -9999 -9999 -9999 -9999 -9999 -9999 -9999 -9999 
-9999 -9999 -9999 -9999 -9999 3.403218 10.30633 13.19137 11.81389 8.230013 17.68732 20.78248 21.80024 24.55372 27.01692 27.659 27.56417 28.63145 32.65818 35.8781 35.38267 26.57967 8.504801 23.22057 24.17439 11.72937 3.336424 8.282884 12.945 14.61499 14.84749 9.564652 5.668839 13.41862 12.32148 7.051293 0.4642541 7.202264 10.61961 9.303013 8.016598 6.940442 4.469011 3.318028 3.627548 4.411903 10.27717 13.51586 10.43334 4.861402 6.063138 8.655455 9.645579 14.35921 17.41237 18.1673 17.19558 14.8648 9.759257 4.686558 1.918698 1.75863 6.202885 11.62855 15.02532 13.40608 10.8201 12.86507 6.247922 2.372057 1.485008 -9999 -9999 -9999 -9999 -9999 -9999 -9999 -9999 -9999 -9999 -9999 -9999 -9999 -9999 -9999 -9999 -9999 -9999 -9999 -9999 -9999 -9999 -9999 -9999 -9999 -9999 -9999 -9999 -9999 -9999 -9999 -9999 -9999 -9999 -9999 -9999 
-9999 -9999 -9999 -9999 -9999 6.966136 13.37749 18.05101 17.36987 10.29183 18.97019 24.86835 24.07344 22.95607 24.25174 24.31375 23.64246 24.46903 28.89312 33.00806 34.81244 31.43804 11.31632 18.42345 23.8954 14.0101 2.473778 6.725527 11.03883 15.10982 14.81163 7.66603 7.672328 9.974911 11.23013 8.900513 0.8094091 7.988513 9.134805 7.651608 7.865927 7.32187 6.127639 5.069153 5.219622 7.239998 11.0757 10.77404 6.210856 4.164955 6.593783 8.673436 9.034101 13.05311 17.01796 17.65781 15.7556 12.61301 9.717796 7.59105 4.790536 2.011096 1.240865 4.41776 8.539678 11.93147 10.73146 10.61863 6.482461 3.61644 2.633741 -9999 -9999 -9999 -9999 -9999 -9999 -9999 -9999 -9999 -9999 -9999 -9999 -9999 -9999 -9999 -9999 -9999 -9999 -9999 -9999 -9999 -9999 -9999 -9999 -9999 -9999 -9999 -9999 -9999 -9999 -9999 -9999 -9999 -9999 -9999 -9999 
-9999 -9999 -9999 -9999 -9999 6.280946 9.542575 13.48273 16.79065 11.63315 21.34167 27.04395 25.56243 22.58677 22.05059 20.68184 19.08706 20.1647 25.57534 30.89083 34.17434 33.93044 19.39767 10.25535 24.05284 17.41419 3.789454 6.889492 11.2964 15.8271 13.77365 10.26186 15.01391 14.52074 13.12991 9.959064 3.817546 8.244228 7.764097 7.5104 7.899048 7.299524 7.771469 7.206394 6.647695 9.192147 11.64383 8.633986 2.289507 2.581267 4.390701 6.439862 8.450195 13.0733 17.16792 16.57283 14.03869 10.41658 8.145933 7.686799 6.003397 3.971276 2.918021 2.528455 3.375538 5.984735 7.663959 7.860196 6.162451 4.444711 3.223375 -9999 -9999 -9999 -9999 -9999 -9999 -9999 -9999 -9999 -9999 -9999 -9999 -9999 -9999 -9999 -9999 -9999 -9999 -9999 -9999 -9999 -9999 -9999 -9999 -9999 -9999 -9999 -9999 -9999 -9999 -9999 -9999 -9999 -9999 -9999 -9999 
-9999 -9999 -9999 -9999 -9999 3.15058 4.347092 8.634336 13.23879 12.01625 20.15888 25.95215 23.98863 19.84503 18.37681 13.08702 9.719495 14.12761 21.92306 28.15634 30.82214 32.4946 24.879 5.354171 20.73598 20.11875 7.339119 5.07387 12.25773 15.31213 11.56378 14.85168 19.75802 19.181 15.77173 9.335906 6.104189 8.170581 7.550344 6.514758 8.362487 8.544241 8.09479 6.885603 7.14501 11.68555 12.21441 5.361739 1.252335 3.348209 3.898479 5.440385 8.187541 13.83631 16.98583 14.94415 12.40651 9.504183 7.758324 7.866031 7.051951 5.421981 4.545209 4.788845 4.633151 2.505206 3.685647 5.307456 4.791917 3.03152 1.442755 -9999 -9999 -9999 -9999 -9999 -9999 -9999 -9999 -9999 -9999 -9999 -9999 -9999 -9999 -9999 -9999 -9999 -9999 -9999 -9999 -9999 -9999 -9999 -9999 -9999 -9999 -9999 -9999 -9999 -9999 -9999 -9999 -9999 -9999 -9999 -9999 
-9999 -9999 -9999 -9999 -9999 -9999 1.809834 5.141006 8.600568 9.028379 15.0702 20.08796 19.62872 12.44379 12.60991 7.582738 3.304706 10.34599 18.46097 24.94283 27.01362 28.83065 23.54942 5.782177 14.52206 19.4425 13.16293 4.513476 13.69173 15.45681 12.12938 16.91499 17.25728 13.53945 10.42817 6.850456 6.046558 6.950076 7.718647 8.094528 9.830313 9.60745 6.552576 4.151033 7.427267 16.58871 12.8729 1.657391 2.46806 3.182027 3.268012 4.749806 7.066222 13.43367 16.16958 13.37638 11.16855 9.87307 9.092659 9.445952 9.536572 8.313905 7.099759 7.175035 6.897211 5.228546 3.739637 3.41114 2.971026 1.640352 0.5989033 -9999 -9999 -9999 -9999 -9999 -9999 -9999 -9999 -9999 -9999 -9999 -9999 -9999 -9999 -9999 -9999 -9999 -9999 -9999 -9999 -9999 -9999 -9999 -9999 -9999 -9999 -9999 -9999 -9999 -9999 -9999 -9999 -9999 -9999 -9999 -9999 
-9999 -9999 -9999 -9999 -9999 -9999 0.7458974 1.503152 2.769074 2.570574 7.96143 9.886762 -9999 -9999 -9999 -9999 -9999 13.16946 19.44476 24.72508 27.82034 27.77603 16.69105 8.178239 12.12911 18.1217 18.29403 8.948943 14.48102 17.46322 16.63261 15.86379 10.68741 5.854106 6.212433 6.641398 6.578062 7.641452 9.039852 9.76217 10.95834 10.29647 6.662254 4.735389 10.69005 19.48103 9.693353 1.183213 1.263729 2.693064 3.833114 4.233146 6.105847 12.78247 15.47636 12.32212 10.24308 9.77516 9.661121 10.18777 10.97973 10.39302 9.189981 9.22277 9.229629 8.23466 6.601562 4.678443 3.269646 1.666129 1.237177 -9999 -9999 -9999 -9999 -9999 -9999 -9999 -9999 -9999 -9999 -9999 -9999 -9999 -9999 -9999 -9999 -9999 -9999 -9999 -9999 -9999 -9999 -9999 -9999 -9999 -9999 -9999 -9999 -9999 -9999 -9999 -9999 -9999 -9999 -9999 -9999 
-9999 -9999 -9999 -9999 -9999 -9999 -9999 -9999 -9999 -9999 -9999 -9999 -9999 -9999 -9999 -9999 -9999 12.35789 20.49976 27.6566 29.04787 20.11943 9.054377 17.95956 17.83132 19.1374 20.3207 10.56649 12.72934 16.22832 14.40921 8.622337 2.545688 2.113908 5.353188 9.575486 12.07473 12.47086 10.44025 8.231441 10.51209 11.2621 8.066386 9.004848 15.60317 16.89678 3.978967 1.394922 0.3888088 2.074332 3.257444 3.954418 6.28336 12.24801 15.00303 12.47298 10.39228 9.544237 9.175213 9.145926 9.78196 10.03076 9.448908 9.529802 9.96781 9.888451 8.708262 6.397432 4.633631 2.829202 1.588139 0.9647795 -9999 -9999 -9999 -9999 -9999 -9999 -9999 -9999 -9999 -9999 -9999 -9999 -9999 -9999 -9999 -9999 -9999 -9999 -9999 -9999 -9999 -9999 -9999 -9999 -9999 -9999 -9999 -9999 -9999 -9999 -9999 -9999 -9999 -9999 -9999 
-9999 -9999 -9999 -9999 -9999 -9999 -9999 -9999 -9999 -9999 -9999 -9999 -9999 -9999 -9999 -9999 -9999 7.720083 16.22339 23.3996 21.55493 9.467295 18.32705 22.1169 21.35773 20.43466 18.9579 9.905869 8.497386 9.013635 6.57902 6.244056 7.328977 7.330427 6.196101 11.40297 15.75119 14.61673 12.33113 9.252569 8.466485 11.82035 9.816925 8.699061 13.62654 8.8008 3.07204 3.387316 2.125926 1.180817 2.400897 2.93494 5.548505 10.88401 13.48143 12.16123 10.6151 9.467661 8.685931 8.298841 8.597749 9.130345 9.373382 9.696567 10.31546 10.98412 10.44939 7.870371 5.628953 4.190367 2.894145 1.727226 -9999 -9999 -9999 -9999 -9999 -9999 -9999 -9999 -9999 -9999 -9999 -9999 -9999 -9999 -9999 -9999 -9999 -9999 -9999 -9999 -9999 -9999 -9999 -9999 -9999 -9999 -9999 -9999 -9999 -9999 -9999 -9999 -9999 -9999 -9999 
-9999 -9999 -9999 -9999 -9999 -9999 -9999 -9999 -9999 -9999 -9999 -9999 -9999 -9999 -9999 -9999 -9999 -9999 5.462862 16.94259 23.36924 15.80148 18.45629 16.02221 16.0366 16.16571 12.08375 2.933516 5.656911 9.822564 11.59232 12.88119 13.12489 11.65359 8.617604 9.839731 16.76481 15.22176 10.324 10.95635 9.856762 11.0804 12.66048 11.37765 10.42167 1.703979 8.944868 7.274472 5.829926 2.568636 1.863541 1.67444 3.07279 8.711837 11.85689 11.18804 10.11203 9.259824 8.812986 8.557638 8.671118 9.174798 9.783444 10.44117 11.41096 12.73917 12.84736 9.78112 6.416458 5.174806 4.041739 2.737577 1.495333 -9999 -9999 -9999 -9999 -9999 -9999 -9999 -9999 -9999 -9999 -9999 -9999 -9999 -9999 -9999 -9999 -9999 -9999 -9999 -9999 -9999 -9999 -9999 -9999 -9999 -9999 -9999 -9999 -9999 -9999 -9999 -9999 -9999 -9999 
-9999 -9999 -9999 -9999 -9999 -9999 -9999 -9999 -9999 -9999 -9999 -9999 -9999 -9999 -9999 -9999 -9999 -9999 4.142658 10.91621 19.54583 13.94558 14.16061 10.29246 8.11144 5.689132 0.4222734 7.732266 13.02005 15.02541 15.05319 15.41906 14.81358 11.88148 10.77066 7.51448 15.02364 15.97323 11.49828 8.109707 12.14534 15.64342 15.72133 10.90111 4.461158 7.807565 10.11981 8.412 9.230263 8.090472 6.508855 4.852417 2.40704 4.899006 9.667027 10.08356 9.382953 8.953398 9.13741 9.278284 9.34618 9.970652 10.82427 11.67169 13.16171 15.46596 16.69643 14.05023 9.467557 6.810292 4.747265 3.465736 2.115471 -9999 -9999 -9999 -9999 -9999 -9999 -9999 -9999 -9999 -9999 -9999 -9999 -9999 -9999 -9999 -9999 -9999 -9999 -9999 -9999 -9999 -9999 -9999 -9999 -9999 -9999 -9999 -9999 -9999 -9999 -9999 -9999 -9999 -9999 
-9999 -9999 -9999 -9999 -9999 -9999 -9999 -9999 -9999 -9999 -9999 -9999 -9999 -9999 -9999 -9999 -9999 -9999 -9999 7.432715 14.38711 13.81157 10.92666 5.373322 0.7645903 5.020817 9.428525 12.63655 14.799 15.46332 15.38041 15.58623 13.89232 9.843865 11.03478 6.535548 12.32307 14.4887 13.33575 11.50153 12.00737 12.17448 6.368675 3.911586 5.193061 11.4411 9.858547 7.491177 9.732521 10.14605 8.605 6.714056 5.530936 3.603197 5.93284 7.375616 7.824546 8.383624 8.999263 9.29024 9.246241 10.03175 11.22834 12.38081 14.2005 17.27636 19.98605 19.13741 15.07874 10.21152 6.685526 4.720823 2.438773 0.4293143 -9999 -9999 -9999 -9999 -9999 -9999 -9999 -9999 -9999 -9999 -9999 -9999 -9999 -9999 -9999 -9999 -9999 -9999 -9999 -9999 -9999 -9999 -9999 -9999 -9999 -9999 -9999 -9999 -9999 -9999 -9999 -9999 -9999 
-9999 -9999 -9999 -9999 -9999 -9999 -9999 -9999 -9999 -9999 -9999 -9999 -9999 -9999 -9999 -9999 -9999 -9999 -9999 3.351292 7.077421 7.514421 3.169301 5.763389 9.970688 12.74406 13.45352 13.03628 13.78885 14.91351 14.9345 14.67778 12.67893 9.348876 11.82913 7.626404 11.25397 14.15842 14.79976 15.40479 9.507357 2.968282 8.544072 8.471181 7.330185 12.12107 9.867599 7.220931 8.759644 9.506534 8.901605 7.775205 6.803238 5.133763 3.352011 3.763669 5.515159 7.233105 8.410518 8.39544 7.151767 7.125835 8.216449 9.61468 11.50214 14.97765 19.58855 21.7702 20.36996 16.236 12.13349 8.256342 4.727338 2.426755 -9999 -9999 -9999 -9999 -9999 -9999 -9999 -9999 -9999 -9999 -9999 -9999 -9999 -9999 -9999 -9999 -9999 -9999 -9999 -9999 -9999 -9999 -9999 -9999 -9999 -9999 -9999 -9999 -9999 -9999 -9999 -9999 -9999 
-9999 -9999 -9999 -9999 -9999 -9999 -9999 -9999 -9999 -9999 -9999 -9999 -9999 -9999 -9999 -9999 -9999 -9999 -9999 -9999 3.359596 8.6129 11.53927 12.63213 14.20717 14.95573 14.79347 14.61971 15.7339 16.70156 15.58345 14.16116 11.88095 9.076488 11.79238 8.468304 13.60429 17.93711 18.69548 14.07864 1.211535 14.02795 11.97843 9.352257 7.726894 13.15468 10.74524 8.636857 9.018148 9.488121 9.56116 8.843592 7.337008 5.542053 3.332199 0.3058719 2.657414 4.375303 6.40827 7.373542 5.206336 3.617248 4.198578 5.422703 6.852856 9.772264 15.59326 20.79568 22.24046 20.42917 17.2425 12.32503 7.35735 4.053781 1.380629 -9999 -9999 -9999 -9999 -9999 -9999 -9999 -9999 -9999 -9999 -9999 -9999 -9999 -9999 -9999 -9999 -9999 -9999 -9999 -9999 -9999 -9999 -9999 -9999 -9999 -9999 -9999 -9999 -9999 -9999 -9999 -9999 
-9999 -9999 -9999 -9999 -9999 -9999 -9999 -9999 -9999 -9999 -9999 -9999 -9999 -9999 -9999 -9999 -9999 -9999 -9999 -9999 3.848482 9.506668 12.92364 10.64771 10.87136 12.74431 13.94873 14.91546 15.58357 14.99927 12.98849 10.31471 8.328006 7.164913 11.92821 10.85311 17.34082 19.53137 12.53803 3.048212 16.26393 18.46692 13.04787 12.52485 8.441225 12.9018 10.09859 8.647299 8.874549 9.360159 10.08629 10.47612 9.246294 6.758144 5.03258 2.705064 0.8203068 1.940262 3.69172 6.13407 5.377026 3.609629 3.13278 3.297246 3.856178 5.638709 10.66772 17.10449 20.32903 20.37499 19.53105 15.13327 9.445567 6.14081 2.712201 -9999 -9999 -9999 -9999 -9999 -9999 -9999 -9999 -9999 -9999 -9999 -9999 -9999 -9999 -9999 -9999 -9999 -9999 -9999 -9999 -9999 -9999 -9999 -9999 -9999 -9999 -9999 -9999 -9999 -9999 -9999 -9999 
-9999 -9999 -9999 -9999 -9999 -9999 -9999 -9999 -9999 -9999 -9999 -9999 -9999 -9999 -9999 -9999 -9999 -9999 -9999 -9999 2.657222 7.622435 12.59226 12.93948 10.32833 7.621487 5.399899 6.296969 8.679435 9.688613 8.312548 5.927269 6.134602 2.554492 8.872983 13.52164 16.18975 9.323103 7.550032 19.63549 23.42801 15.73094 13.13481 14.22531 6.800383 10.79513 8.635134 6.541576 7.947318 9.323284 10.61087 12.11882 11.98476 9.0263 6.86004 3.71982 2.591844 3.915044 2.391301 3.546658 5.046301 4.407094 3.472523 3.25796 3.316578 3.178064 5.273729 11.08216 16.72074 20.00526 20.82707 16.7647 11.29768 7.858733 4.662525 1.907245 -9999 -9999 -9999 -9999 -9999 -9999 -9999 -9999 -9999 -9999 -9999 -9999 -9999 -9999 -9999 -9999 -9999 -9999 -9999 -9999 -9999 -9999 -9999 -9999 -9999 -9999 -9999 -9999 -9999 -9999 -9999 
-9999 -9999 -9999 -9999 -9999 -9999 -9999 -9999 -9999 -9999 -9999 -9999 -9999 -9999 -9999 -9999 -9999 -9999 -9999 -9999 -9999 6.047456 11.2432 12.6698 9.091198 9.485248 13.77738 15.9482 16.12719 14.23563 10.21761 8.666852 9.222625 8.868093 4.934546 6.190068 5.723316 7.608788 18.50846 20.04002 16.79532 10.27943 12.13753 14.70064 12.19006 6.427255 9.326767 6.097413 6.03225 8.977401 11.0918 13.14207 14.99449 14.29073 11.00011 4.220252 4.340226 3.641946 1.67707 1.008538 2.983079 3.056234 2.096302 2.219621 3.247029 2.542626 2.271775 6.768827 13.84041 20.09354 22.60533 18.46379 12.53124 9.255626 6.514204 3.694528 -9999 -9999 -9999 -9999 -9999 -9999 -9999 -9999 -9999 -9999 -9999 -9999 -9999 -9999 -9999 -9999 -9999 -9999 -9999 -9999 -9999 -9999 -9999 -9999 -9999 -9999 -9999 -9999 -9999 -9999 -9999 
-9999 -9999 -9999 -9999 -9999 -9999 -9999 -9999 -9999 -9999 -9999 -9999 -9999 -9999 -9999 -9999 -9999 -9999 -9999 -9999 -9999 3.818859 7.554372 9.300502 11.79561 14.61472 13.12299 12.18715 14.47203 11.97752 10.15228 9.805475 9.717735 10.00116 8.024036 7.556243 6.381766 14.99434 17.67615 13.90707 11.27504 9.036702 12.40765 15.35715 18.21912 12.64824 6.732988 9.828843 8.425698 9.676555 12.00759 14.37638 17.88108 20.59661 17.8675 7.256312 4.521358 3.223046 2.694098 3.866833 6.401587 7.623493 5.868987 2.793615 1.846134 3.748165 2.927701 4.560728 11.38439 20.22042 25.91427 21.52643 13.54453 9.846144 7.142271 3.467277 -9999 -9999 -9999 -9999 -9999 -9999 -9999 -9999 -9999 -9999 -9999 -9999 -9999 -9999 -9999 -9999 -9999 -9999 -9999 -9999 -9999 -9999 -9999 -9999 -9999 -9999 -9999 -9999 -9999 -9999 -9999 
-9999 -9999 -9999 -9999 -9999 -9999 -9999 -9999 -9999 -9999 -9999 -9999 -9999 -9999 -9999 -9999 -9999 -9999 -9999 -9999 -9999 1.220479 2.835348 4.840154 7.759768 7.034778 7.474084 13.87951 12.17245 9.200598 11.08878 11.89862 11.67922 7.435709 9.107915 11.93216 5.403599 17.27093 15.80017 11.7257 10.35847 8.896535 12.20714 14.37669 16.65175 17.41936 9.315072 14.1414 13.47526 12.29814 13.38407 15.37559 18.86213 23.85909 24.21981 13.98123 6.5778 5.533008 7.021334 12.37947 17.81269 18.43333 14.80236 9.778538 3.448216 5.64806 3.099785 2.045238 7.664932 19.86378 30.47449 25.88395 15.02726 9.497455 6.71847 3.15228 -9999 -9999 -9999 -9999 -9999 -9999 -9999 -9999 -9999 -9999 -9999 -9999 -9999 -9999 -9999 -9999 -9999 -9999 -9999 -9999 -9999 -9999 -9999 -9999 -9999 -9999 -9999 -9999 -9999 -9999 -9999 
-9999 -9999 -9999 -9999 -9999 -9999 -9999 -9999 -9999 -9999 -9999 -9999 -9999 -9999 -9999 -9999 -9999 -9999 -9999 -9999 -9999 -9999 -9999 0.8011051 0.9615236 2.604797 8.831298 12.84894 11.43019 10.18672 10.89254 14.21846 10.1208 9.426732 12.58657 16.05691 5.432615 17.8665 14.55378 8.947787 8.850811 7.976991 9.495852 10.51887 12.23084 15.37585 10.17917 18.18646 16.60954 14.75499 14.96537 16.35429 19.49752 25.10566 27.10408 20.47848 11.09566 9.28878 14.57011 22.54887 25.27404 20.416 18.61154 14.7287 4.301604 6.177012 3.396103 2.471782 2.721134 17.3458 33.74448 29.75462 16.22283 8.626668 5.538359 2.420307 -9999 -9999 -9999 -9999 -9999 -9999 -9999 -9999 -9999 -9999 -9999 -9999 -9999 -9999 -9999 -9999 -9999 -9999 -9999 -9999 -9999 -9999 -9999 -9999 -9999 -9999 -9999 -9999 -9999 -9999 -9999 
-9999 -9999 -9999 -9999 -9999 -9999 -9999 -9999 -9999 -9999 -9999 -9999 -9999 -9999 -9999 -9999 -9999 -9999 -9999 -9999 -9999 -9999 -9999 -9999 -9999 1.693926 6.612899 10.44626 10.23158 9.654844 13.83536 12.71039 9.244646 13.89564 10.99786 18.01025 7.118394 13.53936 15.0431 11.28538 8.886566 6.97632 6.794827 6.804838 11.73346 12.86073 12.53693 19.14491 15.94685 14.42123 13.91093 13.98565 17.03901 23.36499 25.52 22.03738 14.02581 15.25434 22.37516 24.62081 17.65269 12.49369 18.85589 16.2956 1.766368 5.209348 1.86479 3.075357 5.746994 18.20807 33.25992 29.4168 15.46911 7.317661 5.310668 4.444221 -9999 -9999 -9999 -9999 -9999 -9999 -9999 -9999 -9999 -9999 -9999 -9999 -9999 -9999 -9999 -9999 -9999 -9999 -9999 -9999 -9999 -9999 -9999 -9999 -9999 -9999 -9999 -9999 -9999 -9999 -9999 
-9999 -9999 -9999 -9999 -9999 -9999 -9999 -9999 -9999 -9999 -9999 -9999 -9999 -9999 -9999 -9999 -9999 -9999 -9999 -9999 -9999 -9999 -9999 -9999 -9999 0.7269825 2.991423 6.079858 8.520618 11.83349 14.11329 13.18062 12.9597 8.016704 10.24561 15.63563 7.110898 7.967593 10.03392 14.03376 13.95104 9.334586 5.835908 5.601809 12.05621 11.42479 12.13638 15.42791 12.116 11.29129 9.819816 7.68437 11.81341 18.85277 21.27577 19.00644 14.5463 21.17456 22.60958 14.80368 3.5382 13.38953 19.35089 14.87508 1.140099 5.218793 2.029532 3.046706 7.641563 18.49286 27.49829 24.10584 16.3487 13.5964 12.93047 11.13556 -9999 -9999 -9999 -9999 -9999 -9999 -9999 -9999 -9999 -9999 -9999 -9999 -9999 -9999 -9999 -9999 -9999 -9999 -9999 -9999 -9999 -9999 -9999 -9999 -9999 -9999 -9999 -9999 -9999 -9999 -9999 
-9999 -9999 -9999 -9999 -9999 -9999 -9999 -9999 -9999 -9999 -9999 -9999 -9999 -9999 -9999 -9999 -9999 -9999 -9999 -9999 -9999 -9999 -9999 -9999 -9999 -9999 0.8683808 3.535746 8.168467 12.57286 14.03568 12.66233 7.144387 7.176551 11.96488 9.13257 10.98466 14.45399 8.741685 10.57954 15.92583 12.46192 7.082004 6.085087 12.22356 12.95897 10.96693 14.62097 11.55054 10.22044 7.985515 5.684184 11.25734 17.84058 18.7168 14.29357 16.62096 20.98587 13.84221 2.835331 9.899947 18.6097 18.39055 8.060735 5.483124 5.336504 1.947519 3.679295 8.055757 16.06158 21.021 19.10927 16.8543 16.31817 14.34548 9.76323 4.444668 -9999 -9999 -9999 -9999 -9999 -9999 -9999 -9999 -9999 -9999 -9999 -9999 -9999 -9999 -9999 -9999 -9999 -9999 -9999 -9999 -9999 -9999 -9999 -9999 -9999 -9999 -9999 -9999 -9999 -9999 
-9999 -9999 -9999 -9999 -9999 -9999 -9999 -9999 -9999 -9999 -9999 -9999 -9999 -9999 -9999 -9999 -9999 -9999 -9999 -9999 -9999 -9999 -9999 -9999 -9999 -9999 0.1244591 1.117303 4.542908 8.760711 8.793272 8.66583 9.47595 7.725281 9.213316 13.29498 19.56121 17.39316 12.967 8.669468 15.09203 12.959 10.00494 7.220303 11.37261 14.67129 13.05693 15.9018 12.98194 10.40217 7.298929 5.733535 11.82815 18.38677 16.97093 14.7836 16.23135 11.49621 4.030396 8.454392 15.80109 19.68451 10.83535 5.550128 10.20452 6.789983 2.969127 3.582338 6.993488 13.18093 17.00847 16.50122 14.40791 12.61951 10.58427 7.662254 4.757044 -9999 -9999 -9999 -9999 -9999 -9999 -9999 -9999 -9999 -9999 -9999 -9999 -9999 -9999 -9999 -9999 -9999 -9999 -9999 -9999 -9999 -9999 -9999 -9999 -9999 -9999 -9999 -9999 -9999 -9999 
-9999 -9999 -9999 -9999 -9999 -9999 -9999 -9999 -9999 -9999 -9999 -9999 -9999 -9999 -9999 -9999 -9999 -9999 -9999 -9999 -9999 -9999 -9999 -9999 -9999 -9999 -9999 1.942144 5.13658 7.754916 8.467812 8.141038 8.939898 16.38875 23.10596 25.16992 21.45166 14.70449 12.46885 9.458689 16.05732 13.579 12.96045 10.95277 11.82742 16.26561 15.91537 15.55322 12.1058 7.860951 3.638071 3.737079 8.946366 15.71934 16.41759 13.08219 7.468048 2.363191 9.359808 14.8716 18.79028 14.83659 2.414116 13.04895 9.450533 8.657439 5.217092 1.539401 5.202094 10.67994 13.82726 13.96786 12.73435 10.97446 9.302323 5.236299 0.4486994 -9999 -9999 -9999 -9999 -9999 -9999 -9999 -9999 -9999 -9999 -9999 -9999 -9999 -9999 -9999 -9999 -9999 -9999 -9999 -9999 -9999 -9999 -9999 -9999 -9999 -9999 -9999 -9999 -9999 -9999 
-9999 -9999 -9999 -9999 -9999 -9999 -9999 -9999 -9999 -9999 -9999 -9999 -9999 -9999 -9999 -9999 -9999 -9999 -9999 -9999 -9999 -9999 -9999 -9999 -9999 -9999 -9999 -9999 4.480072 5.494003 5.135381 7.373354 14.62308 21.25126 23.68174 23.05436 17.44935 18.36368 11.58052 17.28536 21.28718 18.6618 17.66454 16.71075 15.67821 17.63819 17.10536 14.21761 8.7009 2.176852 4.910646 7.499413 6.570108 7.393102 9.248076 6.720443 6.865976 11.93449 16.62809 19.06978 16.77423 4.549794 11.77973 13.02042 7.458055 9.405231 7.922205 3.803484 2.015954 7.98056 11.09959 12.05888 13.24051 13.33878 12.37777 9.935336 6.394957 -9999 -9999 -9999 -9999 -9999 -9999 -9999 -9999 -9999 -9999 -9999 -9999 -9999 -9999 -9999 -9999 -9999 -9999 -9999 -9999 -9999 -9999 -9999 -9999 -9999 -9999 -9999 -9999 -9999 -9999 
-9999 -9999 -9999 -9999 -9999 -9999 -9999 -9999 -9999 -9999 -9999 -9999 -9999 -9999 -9999 -9999 -9999 -9999 -9999 -9999 -9999 -9999 -9999 -9999 -9999 -9999 -9999 -9999 -9999 1.238942 3.941819 7.952555 11.2301 12.17505 10.62766 10.60161 13.56352 19.99825 10.77304 22.78604 23.57805 21.89191 21.07516 19.27539 15.85181 14.75019 13.55729 10.21312 5.490505 6.901989 11.24267 13.06733 13.17336 12.90876 13.23968 13.34111 15.46241 19.0965 18.64239 12.97134 4.533262 9.544865 15.94548 10.18273 6.859187 9.018067 8.85396 6.319201 1.77363 4.832764 7.303002 9.785303 14.10625 17.54752 17.88118 15.15273 9.14315 -9999 -9999 -9999 -9999 -9999 -9999 -9999 -9999 -9999 -9999 -9999 -9999 -9999 -9999 -9999 -9999 -9999 -9999 -9999 -9999 -9999 -9999 -9999 -9999 -9999 -9999 -9999 -9999 -9999 -9999 
-9999 -9999 -9999 -9999 -9999 -9999 -9999 -9999 -9999 -9999 -9999 -9999 -9999 -9999 -9999 -9999 -9999 -9999 -9999 -9999 -9999 -9999 -9999 -9999 -9999 -9999 -9999 -9999 -9999 -9999 2.0021 3.946609 6.096062 6.837584 5.098942 1.382531 12.66594 17.11164 9.024912 22.00719 20.56072 19.05088 17.58463 14.69367 10.67056 9.145701 8.086469 6.547746 7.436338 10.82738 12.97736 12.03194 12.68691 16.25185 17.63936 17.78909 19.03421 17.50935 8.550518 4.946589 14.53333 18.07111 15.1708 7.951181 6.040028 8.148747 8.669217 5.233105 4.236766 5.224614 3.199034 5.887595 14.46234 22.03622 23.10217 18.85506 10.18762 -9999 -9999 -9999 -9999 -9999 -9999 -9999 -9999 -9999 -9999 -9999 -9999 -9999 -9999 -9999 -9999 -9999 -9999 -9999 -9999 -9999 -9999 -9999 -9999 -9999 -9999 -9999 -9999 -9999 -9999 
-9999 -9999 -9999 -9999 -9999 -9999 -9999 -9999 -9999 -9999 -9999 -9999 -9999 -9999 -9999 -9999 -9999 -9999 -9999 -9999 -9999 -9999 -9999 -9999 -9999 -9999 -9999 -9999 -9999 -9999 -9999 -9999 -9999 3.870373 4.429353 0.5820411 9.151501 14.13586 11.88735 20.88451 19.09132 14.53796 11.2842 7.545686 3.990232 4.87679 4.660863 4.795888 6.960768 11.28582 15.36615 15.34552 11.72245 8.768954 9.454791 12.03371 12.43086 6.555373 5.84276 14.74991 16.58562 15.37307 11.74159 7.236391 7.698557 10.42737 8.196725 2.467728 6.330044 5.978817 3.816576 2.821073 14.40085 25.26621 26.35543 20.90693 12.8141 -9999 -9999 -9999 -9999 -9999 -9999 -9999 -9999 -9999 -9999 -9999 -9999 -9999 -9999 -9999 -9999 -9999 -9999 -9999 -9999 -9999 -9999 -9999 -9999 -9999 -9999 -9999 -9999 -9999 -9999 
-9999 -9999 -9999 -9999 -9999 -9999 -9999 -9999 -9999 -9999 -9999 -9999 -9999 -9999 -9999 -9999 -9999 -9999 -9999 -9999 -9999 -9999 -9999 -9999 -9999 -9999 -9999 -9999 -9999 -9999 -9999 -9999 -9999 -9999 -9999 0.6049767 4.508598 11.67227 16.34396 18.2805 17.17181 12.62118 5.696813 2.039036 5.195724 8.772998 9.682191 8.496469 5.294155 7.087735 13.67752 16.75974 15.46438 10.79121 8.608057 9.037813 5.994787 6.486192 12.52692 14.4178 12.22906 9.754851 6.669946 7.283706 10.73859 12.42198 5.083251 5.377036 6.86125 5.19958 4.693294 3.819465 14.63961 25.78618 26.17649 21.29671 14.22102 11.36762 5.664626 -9999 -9999 -9999 -9999 -9999 -9999 -9999 -9999 -9999 -9999 -9999 -9999 -9999 -9999 -9999 -9999 -9999 -9999 -9999 -9999 -9999 -9999 -9999 -9999 -9999 -9999 -9999 -9999 
-9999 -9999 -9999 -9999 -9999 -9999 -9999 -9999 -9999 -9999 -9999 -9999 -9999 -9999 -9999 -9999 -9999 -9999 -9999 -9999 -9999 -9999 -9999 -9999 -9999 -9999 -9999 -9999 -9999 -9999 -9999 -9999 -9999 -9999 -9999 -9999 3.331517 6.762398 10.26851 11.77025 12.75174 10.43285 3.591956 2.104904 7.70952 13.1768 15.15025 15.58179 14.47218 12.28043 16.08091 19.98003 17.92986 12.24345 7.4507 6.080423 6.29362 10.01237 12.06346 11.90118 9.91888 5.383358 4.097785 9.192142 13.37342 10.87671 3.617443 9.68244 7.143608 5.395564 5.337296 5.525144 14.15291 22.59903 23.58944 21.12516 17.18694 14.77531 11.27959 8.54711 5.703745 -9999 -9999 -9999 -9999 -9999 -9999 -9999 -9999 -9999 -9999 -9999 -9999 -9999 -9999 -9999 -9999 -9999 -9999 -9999 -9999 -9999 -9999 -9999 -9999 -9999 -9999 
-9999 -9999 -9999 -9999 -9999 -9999 -9999 -9999 -9999 -9999 -9999 -9999 -9999 -9999 -9999 -9999 -9999 -9999 -9999 -9999 -9999 -9999 -9999 -9999 -9999 -9999 -9999 -9999 -9999 -9999 -9999 -9999 -9999 -9999 -9999 -9999 1.070792 3.362715 4.415574 5.612214 8.560849 6.915857 2.990902 2.67082 9.297242 16.69639 17.93067 14.76003 17.2156 19.14309 21.85979 20.97771 11.2713 4.905972 8.866206 9.628118 9.02563 10.59055 11.51197 11.27404 8.437257 3.267468 6.539769 11.82244 13.45597 5.10925 10.55095 11.86113 7.701712 5.937852 4.412228 3.587147 11.55272 18.03888 20.6999 20.38953 18.84005 18.54731 16.11101 12.56238 11.13125 7.827863 -9999 -9999 -9999 -9999 -9999 -9999 -9999 -9999 -9999 -9999 -9999 -9999 -9999 -9999 -9999 -9999 -9999 -9999 -9999 -9999 -9999 -9999 -9999 -9999 -9999 
-9999 -9999 -9999 -9999 -9999 -9999 -9999 -9999 -9999 -9999 -9999 -9999 -9999 -9999 -9999 -9999 -9999 -9999 -9999 -9999 -9999 -9999 -9999 -9999 -9999 -9999 -9999 -9999 -9999 -9999 -9999 -9999 -9999 -9999 -9999 -9999 -9999 -9999 -9999 -9999 -9999 3.298116 3.52073 6.51232 12.86802 18.99082 20.15042 12.91786 10.5557 12.85781 12.97299 7.706131 5.678105 11.55045 12.98377 11.76773 9.647597 12.03361 13.92931 12.73974 8.461017 5.241744 9.620843 14.28637 9.801727 6.993276 15.31219 11.65325 9.096946 7.535383 4.912802 0.8123763 9.133789 15.38859 18.8318 19.34381 20.02831 22.92584 23.46234 20.9134 16.29523 10.47381 7.904263 2.807583 -9999 -9999 -9999 -9999 -9999 -9999 -9999 -9999 -9999 -9999 -9999 -9999 -9999 -9999 -9999 -9999 -9999 -9999 -9999 -9999 -9999 -9999 -9999 
-9999 -9999 -9999 -9999 -9999 -9999 -9999 -9999 -9999 -9999 -9999 -9999 -9999 -9999 -9999 -9999 -9999 -9999 -9999 -9999 -9999 -9999 -9999 -9999 -9999 -9999 -9999 -9999 -9999 -9999 -9999 -9999 -9999 -9999 -9999 -9999 -9999 -9999 -9999 -9999 -9999 2.716237 5.023803 10.1198 15.61076 19.48263 17.15914 8.028452 2.950481 4.683164 7.344811 8.931307 10.34369 10.66457 10.9059 11.44603 9.792706 14.62364 16.84889 15.02004 11.76013 10.7444 14.11174 15.16487 3.178154 15.2591 17.72555 13.22121 13.20365 12.00201 8.517734 1.944458 6.343279 13.8102 18.44482 16.67461 15.43278 18.91661 22.31433 24.06202 21.76096 14.23902 9.224689 6.268264 3.016031 -9999 -9999 -9999 -9999 -9999 -9999 -9999 -9999 -9999 -9999 -9999 -9999 -9999 -9999 -9999 -9999 -9999 -9999 -9999 -9999 -9999 -9999 
-9999 -9999 -9999 -9999 -9999 -9999 -9999 -9999 -9999 -9999 -9999 -9999 -9999 -9999 -9999 -9999 -9999 -9999 -9999 -9999 -9999 -9999 -9999 -9999 -9999 -9999 -9999 -9999 -9999 -9999 -9999 -9999 -9999 -9999 -9999 -9999 -9999 -9999 -9999 -9999 -9999 2.064446 4.904819 10.51539 14.5975 15.24927 9.016098 7.911279 12.99813 15.18227 15.03561 12.28848 9.624232 10.03812 9.898911 11.27314 11.51394 18.36784 19.21085 16.41547 15.33268 17.62243 20.01378 13.5149 9.397218 22.29119 20.86654 17.85303 19.3032 18.85589 15.01897 6.037936 2.539621 10.65664 17.63208 14.73778 13.56839 18.53884 22.53428 24.33525 22.81494 16.09661 10.22538 7.365822 5.521123 -9999 -9999 -9999 -9999 -9999 -9999 -9999 -9999 -9999 -9999 -9999 -9999 -9999 -9999 -9999 -9999 -9999 -9999 -9999 -9999 -9999 -9999 
-9999 -9999 -9999 -9999 -9999 -9999 -9999 -9999 -9999 -9999 -9999 -9999 -9999 -9999 -9999 -9999 -9999 -9999 -9999 -9999 -9999 -9999 -9999 -9999 -9999 -9999 -9999 -9999 -9999 -9999 -9999 -9999 -9999 -9999 -9999 -9999 -9999 -9999 -9999 -9999 -9999 1.713082 3.715508 9.79578 12.57871 10.44044 8.219205 13.17381 15.09934 15.14095 13.90559 11.61185 8.392284 11.51993 11.67889 13.55272 15.53407 21.85212 19.40248 14.07754 14.72954 21.17592 24.2541 12.28747 17.17876 26.75496 23.04887 19.22147 21.72221 24.06079 23.31131 12.62542 1.165074 9.54735 17.15373 15.77071 17.57549 22.49084 23.91999 23.0779 20.39289 15.48046 10.32222 7.014628 4.084958 1.278046 -9999 -9999 -9999 -9999 -9999 -9999 -9999 -9999 -9999 -9999 -9999 -9999 -9999 -9999 -9999 -9999 -9999 -9999 -9999 -9999 -9999 
-9999 -9999 -9999 -9999 -9999 -9999 -9999 -9999 -9999 -9999 -9999 -9999 -9999 -9999 -9999 -9999 -9999 -9999 -9999 -9999 -9999 -9999 -9999 -9999 -9999 -9999 -9999 -9999 -9999 -9999 -9999 -9999 -9999 -9999 -9999 -9999 -9999 -9999 -9999 -9999 -9999 2.579776 3.283442 10.18041 12.3198 9.274151 10.33109 13.82382 13.74551 13.87832 14.99669 14.05446 8.196067 14.87585 15.04218 17.8406 19.40984 24.39443 18.03681 11.73108 14.42695 21.79668 23.23117 9.208506 21.85216 29.31594 23.23673 17.95385 21.03541 25.5019 28.61367 19.8744 5.66458 6.737913 13.75998 17.68769 22.46619 25.70837 23.93525 21.05283 18.25005 15.12393 10.24524 6.8796 4.551151 1.989642 -9999 -9999 -9999 -9999 -9999 -9999 -9999 -9999 -9999 -9999 -9999 -9999 -9999 -9999 -9999 -9999 -9999 -9999 -9999 -9999 -9999 
-9999 -9999 -9999 -9999 -9999 -9999 -9999 -9999 -9999 -9999 -9999 -9999 -9999 -9999 -9999 -9999 -9999 -9999 -9999 -9999 -9999 -9999 -9999 -9999 -9999 -9999 -9999 -9999 -9999 -9999 -9999 -9999 -9999 -9999 -9999 -9999 -9999 -9999 -9999 -9999 -9999 3.293669 5.060684 10.49121 12.25926 8.245427 10.59128 14.20063 14.63391 15.9451 19.35286 21.02571 11.38286 19.79106 17.89429 21.86176 23.56382 24.95502 15.1212 15.24924 18.68209 22.4481 19.10437 7.084347 24.65643 29.17632 20.75439 12.35258 16.77095 23.18152 28.34184 21.68491 9.098068 6.007534 6.744755 14.47526 23.78547 27.54168 25.88666 22.54113 19.44007 17.01753 13.55463 10.58924 8.150013 7.03255 -9999 -9999 -9999 -9999 -9999 -9999 -9999 -9999 -9999 -9999 -9999 -9999 -9999 -9999 -9999 -9999 -9999 -9999 -9999 -9999 -9999 
-9999 -9999 -9999 -9999 -9999 -9999 -9999 -9999 -9999 -9999 -9999 -9999 -9999 -9999 -9999 -9999 -9999 -9999 -9999 -9999 -9999 -9999 -9999 -9999 -9999 -9999 -9999 -9999 -9999 -9999 -9999 -9999 -9999 -9999 -9999 -9999 -9999 -9999 -9999 -9999 -9999 -9999 4.945249 9.74148 12.10874 7.099902 11.16537 15.78037 16.08878 17.5938 21.7728 27.4809 20.17912 25.83423 22.14601 24.5903 27.93017 24.88584 16.64145 21.27492 23.31205 21.58842 17.37827 12.64457 26.86443 27.09253 16.32596 3.954681 15.12079 23.84341 25.93406 16.93212 9.075262 7.589486 5.069575 9.384545 19.49077 25.55623 26.51714 24.04676 20.60627 18.30574 16.55222 14.59127 11.26355 7.99098 5.435484 -9999 -9999 -9999 -9999 -9999 -9999 -9999 -9999 -9999 -9999 -9999 -9999 -9999 -9999 -9999 -9999 -9999 -9999 -9999 -9999 
-9999 -9999 -9999 -9999 -9999 -9999 -9999 -9999 -9999 -9999 -9999 -9999 -9999 -9999 -9999 -9999 -9999 -9999 -9999 -9999 -9999 -9999 -9999 -9999 -9999 -9999 -9999 -9999 -9999 -9999 -9999 -9999 -9999 -9999 -9999 -9999 -9999 -9999 -9999 -9999 -9999 -9999 3.903752 8.416625 12.16385 7.893641 11.20219 17.18734 16.07443 17.03932 20.91126 29.14079 27.50399 30.00695 24.12385 23.39788 25.30915 20.06344 19.05504 24.98348 26.60935 25.56742 23.84402 16.61623 27.22772 23.21361 9.253106 7.959237 21.52723 24.72148 17.39319 12.87545 12.82399 9.984221 6.13858 5.625752 13.10255 21.80139 25.92475 24.7074 22.51537 21.75949 20.528 18.1658 14.10839 7.219457 3.369435 -9999 -9999 -9999 -9999 -9999 -9999 -9999 -9999 -9999 -9999 -9999 -9999 -9999 -9999 -9999 -9999 -9999 -9999 -9999 -9999 
-9999 -9999 -9999 -9999 -9999 -9999 -9999 -9999 -9999 -9999 -9999 -9999 -9999 -9999 -9999 -9999 -9999 -9999 -9999 -9999 -9999 -9999 -9999 -9999 -9999 -9999 -9999 -9999 -9999 -9999 -9999 -9999 -9999 -9999 -9999 -9999 -9999 -9999 -9999 -9999 -9999 -9999 2.823358 6.767817 12.02297 11.3532 9.376211 18.01409 15.74177 14.10631 15.34399 23.39232 25.33895 26.89783 21.97031 19.34932 15.8625 11.56961 16.832 23.33122 24.77379 23.54525 21.20285 13.40038 25.37979 18.15691 3.192316 13.89322 20.99418 15.52766 14.62977 18.79729 16.85695 12.36353 7.077814 2.45855 6.958331 17.31424 23.39191 22.71126 24.34677 27.16696 26.87707 23.36393 17.80805 9.898606 3.162483 -9999 -9999 -9999 -9999 -9999 -9999 -9999 -9999 -9999 -9999 -9999 -9999 -9999 -9999 -9999 -9999 -9999 -9999 -9999 -9999 
-9999 -9999 -9999 -9999 -9999 -9999 -9999 -9999 -9999 -9999 -9999 -9999 -9999 -9999 -9999 -9999 -9999 -9999 -9999 -9999 -9999 -9999 -9999 -9999 -9999 -9999 -9999 -9999 -9999 -9999 -9999 -9999 -9999 -9999 -9999 -9999 -9999 -9999 -9999 -9999 -9999 -9999 3.173926 5.918081 10.34183 14.2136 9.409533 15.43707 17.10495 13.22193 8.377447 12.17719 16.66562 17.84146 15.13614 12.67433 8.984159 8.36969 13.40491 18.63522 19.92592 21.91786 16.69289 9.462826 21.32598 13.36391 6.026042 15.87877 19.80664 21.34073 23.17093 20.69616 18.72357 14.56757 8.970627 4.097846 2.268826 11.98209 18.01073 18.25643 22.51496 26.01128 27.06787 25.39811 20.17641 11.76133 3.777056 -9999 -9999 -9999 -9999 -9999 -9999 -9999 -9999 -9999 -9999 -9999 -9999 -9999 -9999 -9999 -9999 -9999 -9999 -9999 -9999 
-9999 -9999 -9999 -9999 -9999 -9999 -9999 -9999 -9999 -9999 -9999 -9999 -9999 -9999 -9999 -9999 -9999 -9999 -9999 -9999 -9999 -9999 -9999 -9999 -9999 -9999 -9999 -9999 -9999 -9999 -9999 -9999 -9999 -9999 -9999 -9999 -9999 -9999 -9999 -9999 -9999 -9999 5.044857 6.552631 8.143119 12.82703 13.00269 10.5857 15.61998 14.87737 9.320966 6.228586 9.813569 10.67737 8.832417 6.975661 6.506619 7.534596 10.90909 16.18421 19.35987 22.41424 13.74433 9.718345 17.04861 12.7608 8.148654 17.62932 22.72379 23.93167 22.08433 21.77114 20.98342 16.52048 10.82969 6.372521 0.7107217 7.418962 13.57121 14.99675 12.93406 16.6017 20.86807 23.01869 21.28513 13.84538 5.3432 0.7980047 -9999 -9999 -9999 -9999 -9999 -9999 -9999 -9999 -9999 -9999 -9999 -9999 -9999 -9999 -9999 -9999 -9999 -9999 -9999 
-9999 -9999 -9999 -9999 -9999 -9999 -9999 -9999 -9999 -9999 -9999 -9999 -9999 -9999 -9999 -9999 -9999 -9999 -9999 -9999 -9999 -9999 -9999 -9999 -9999 -9999 -9999 -9999 -9999 -9999 -9999 -9999 -9999 -9999 -9999 -9999 -9999 -9999 -9999 -9999 -9999 -9999 5.625264 6.856506 6.884824 9.065502 12.861 12.14784 12.53529 14.01769 11.50788 8.157073 7.815317 7.799656 6.585953 4.521182 7.034996 9.648079 11.63226 15.76611 19.1879 19.43828 9.629843 11.75852 17.23243 17.07727 13.47206 16.92831 20.31653 18.44967 17.12497 20.98367 22.36806 18.60569 12.38825 8.260665 3.103631 2.897843 6.057199 8.887774 12.9131 16.28078 18.65726 20.32736 21.85827 17.65541 8.648508 2.27154 -9999 -9999 -9999 -9999 -9999 -9999 -9999 -9999 -9999 -9999 -9999 -9999 -9999 -9999 -9999 -9999 -9999 -9999 -9999 
-9999 -9999 -9999 -9999 -9999 -9999 -9999 -9999 -9999 -9999 -9999 -9999 -9999 -9999 -9999 -9999 -9999 -9999 -9999 -9999 -9999 -9999 -9999 -9999 -9999 -9999 -9999 -9999 -9999 -9999 -9999 -9999 -9999 -9999 -9999 -9999 -9999 -9999 -9999 -9999 -9999 -9999 3.005369 4.621727 5.72753 6.768478 9.191974 12.40612 13.42378 13.19505 12.27046 9.768758 8.031015 6.845057 5.109035 4.151378 8.565457 12.15197 13.67589 15.66046 17.8139 14.6065 8.255588 17.66551 22.13771 21.33825 16.92264 15.42603 15.88357 15.04223 16.32031 19.59772 21.92433 20.08922 14.78165 10.8286 6.757981 5.091728 10.229 15.62966 16.21923 15.67064 16.64338 17.32941 19.98542 18.46717 10.00901 2.780074 -9999 -9999 -9999 -9999 -9999 -9999 -9999 -9999 -9999 -9999 -9999 -9999 -9999 -9999 -9999 -9999 -9999 -9999 -9999 
-9999 -9999 -9999 -9999 -9999 -9999 -9999 -9999 -9999 -9999 -9999 -9999 -9999 -9999 -9999 -9999 -9999 -9999 -9999 -9999 -9999 -9999 -9999 -9999 -9999 -9999 -9999 -9999 -9999 -9999 -9999 -9999 -9999 -9999 -9999 -9999 -9999 -9999 -9999 -9999 -9999 -9999 -9999 1.563308 4.339915 5.882262 6.689939 7.85827 9.49628 10.914 11.3515 10.37156 8.629227 6.888447 4.904712 5.811793 10.13483 14.57863 16.00651 15.94951 13.98358 10.20977 16.94765 24.0064 24.45858 20.70488 14.74989 10.44807 10.53885 13.65233 17.07063 18.45058 18.9221 18.4165 15.81165 12.34379 8.377308 8.301674 12.18353 16.36941 18.30564 20.34113 22.57922 23.00143 21.73862 16.76526 8.651997 2.778622 0.6246133 -9999 -9999 -9999 -9999 -9999 -9999 -9999 -9999 -9999 -9999 -9999 -9999 -9999 -9999 -9999 -9999 -9999 -9999 
-9999 -9999 -9999 -9999 -9999 -9999 -9999 -9999 -9999 -9999 -9999 -9999 -9999 -9999 -9999 -9999 -9999 -9999 -9999 -9999 -9999 -9999 -9999 -9999 -9999 -9999 -9999 -9999 -9999 -9999 -9999 -9999 -9999 -9999 -9999 -9999 -9999 -9999 -9999 -9999 -9999 -9999 -9999 -9999 -9999 4.264176 5.667073 5.182075 6.276919 8.305415 9.641962 9.885375 8.29561 6.139143 4.597923 6.072826 11.23378 16.40955 17.9019 17.66939 16.15535 19.70355 25.08767 26.38478 22.49462 15.61739 8.355275 6.673701 11.28572 15.21654 17.64616 17.40255 15.57442 14.98474 14.27619 11.08397 6.16564 6.234535 10.30283 15.38002 17.48661 17.25978 17.79379 16.34295 13.68967 10.25228 6.117631 2.120536 0.3344859 -9999 -9999 -9999 -9999 -9999 -9999 -9999 -9999 -9999 -9999 -9999 -9999 -9999 -9999 -9999 -9999 -9999 -9999 
-9999 -9999 -9999 -9999 -9999 -9999 -9999 -9999 -9999 -9999 -9999 -9999 -9999 -9999 -9999 -9999 -9999 -9999 -9999 -9999 -9999 -9999 -9999 -9999 -9999 -9999 -9999 -9999 -9999 -9999 -9999 -9999 -9999 -9999 -9999 -9999 -9999 -9999 -9999 -9999 -9999 -9999 -9999 -9999 -9999 -9999 2.506964 4.346106 6.212338 8.229124 8.825573 8.761251 7.267419 4.737626 3.355628 4.416289 10.00153 16.04685 19.73842 22.54393 24.52308 25.85143 25.10179 21.81156 14.55319 6.173686 5.809238 12.50154 18.4679 22.16349 20.32109 16.12958 14.87049 14.30883 13.05518 8.597726 2.989015 2.992199 8.552603 14.4052 16.89959 16.51653 15.32895 12.95278 10.76072 8.676229 6.752532 4.326711 2.175013 1.230044 1.623886 -9999 -9999 -9999 -9999 -9999 -9999 -9999 -9999 -9999 -9999 -9999 -9999 -9999 -9999 -9999 -9999 
-9999 -9999 -9999 -9999 -9999 -9999 -9999 -9999 -9999 -9999 -9999 -9999 -9999 -9999 -9999 -9999 -9999 -9999 -9999 -9999 -9999 -9999 -9999 -9999 -9999 -9999 -9999 -9999 -9999 -9999 -9999 -9999 -9999 -9999 -9999 -9999 -9999 -9999 -9999 -9999 -9999 -9999 -9999 -9999 -9999 -9999 -9999 -9999 3.133028 7.184715 7.598737 8.13079 7.303015 4.526699 2.568771 2.86229 7.17351 13.07316 18.33545 21.40769 22.40015 21.27401 17.35661 10.90276 3.471181 8.706738 15.08082 19.90014 23.73707 25.63685 21.01294 17.39668 18.06634 16.9595 12.67683 6.335935 1.768597 1.879448 7.647714 14.61273 17.73848 17.62856 16.00389 13.98302 12.40417 11.00615 10.18955 9.421293 7.489498 4.706676 3.517209 1.41391 -9999 -9999 -9999 -9999 -9999 -9999 -9999 -9999 -9999 -9999 -9999 -9999 -9999 -9999 -9999 
-9999 -9999 -9999 -9999 -9999 -9999 -9999 -9999 -9999 -9999 -9999 -9999 -9999 -9999 -9999 -9999 -9999 -9999 -9999 -9999 -9999 -9999 -9999 -9999 -9999 -9999 -9999 -9999 -9999 -9999 -9999 -9999 -9999 -9999 -9999 -9999 -9999 -9999 -9999 -9999 -9999 -9999 -9999 -9999 -9999 -9999 -9999 -9999 -9999 -9999 3.760286 5.875519 5.631216 3.80455 2.34549 2.393698 4.546553 8.22915 12.28644 14.59641 13.78563 10.43302 4.860593 4.916256 11.94671 18.28481 22.02063 23.4347 24.40292 23.58049 18.54933 16.80833 17.09169 13.60118 7.106947 2.216896 0.4141248 0.6760355 4.752697 12.71043 18.72922 20.17589 18.71729 16.98388 15.75098 15.44094 16.87276 17.46004 14.83291 9.196376 4.82473 1.994965 1.864448 -9999 -9999 -9999 -9999 -9999 -9999 -9999 -9999 -9999 -9999 -9999 -9999 -9999 -9999 
-9999 -9999 -9999 -9999 -9999 -9999 -9999 -9999 -9999 -9999 -9999 -9999 -9999 -9999 -9999 -9999 -9999 -9999 -9999 -9999 -9999 -9999 -9999 -9999 -9999 -9999 -9999 -9999 -9999 -9999 -9999 -9999 -9999 -9999 -9999 -9999 -9999 -9999 -9999 -9999 -9999 -9999 -9999 -9999 -9999 -9999 -9999 -9999 -9999 -9999 -9999 -9999 -9999 -9999 1.222166 1.759771 2.186213 2.854684 4.046823 5.499999 5.229784 7.455968 12.59361 17.29571 21.03949 24.05197 25.70946 25.25372 22.76068 18.49105 14.42525 9.762647 6.952336 5.573285 3.718778 1.646302 0.1858035 0 1.306896 7.091644 15.52812 21.2494 22.54047 21.30411 19.07668 18.48335 19.68233 19.44882 17.6518 12.51049 9.98474 8.077249 5.789608 5.057658 -9999 -9999 -9999 -9999 -9999 -9999 -9999 -9999 -9999 -9999 -9999 -9999 -9999 
-9999 -9999 -9999 -9999 -9999 -9999 -9999 -9999 -9999 -9999 -9999 -9999 -9999 -9999 -9999 -9999 -9999 -9999 -9999 -9999 -9999 -9999 -9999 -9999 -9999 -9999 -9999 -9999 -9999 -9999 -9999 -9999 -9999 -9999 -9999 -9999 -9999 -9999 -9999 -9999 -9999 -9999 -9999 -9999 -9999 -9999 -9999 -9999 -9999 -9999 -9999 -9999 -9999 -9999 -9999 -9999 -9999 2.416385 3.812094 7.882053 12.51716 17.70294 21.99941 23.95031 24.53036 24.91084 25.41369 22.50424 15.4293 8.750985 8.031976 9.115947 12.14604 13.44092 11.51289 7.616987 3.045758 0.5982627 0 1.750692 7.468332 15.19433 21.18538 23.50136 22.02979 20.39681 17.95858 17.60785 16.76064 15.467 15.64092 15.22099 12.79014 8.99791 7.610159 5.068745 5.593344 7.9723 6.316963 -9999 -9999 -9999 -9999 -9999 -9999 -9999 -9999 
-9999 -9999 -9999 -9999 -9999 -9999 -9999 -9999 -9999 -9999 -9999 -9999 -9999 -9999 -9999 -9999 -9999 -9999 -9999 -9999 -9999 -9999 -9999 -9999 -9999 -9999 -9999 -9999 -9999 -9999 -9999 -9999 -9999 -9999 -9999 -9999 -9999 -9999 -9999 -9999 -9999 -9999 -9999 -9999 -9999 -9999 -9999 -9999 -9999 -9999 -9999 -9999 -9999 -9999 -9999 -9999 -9999 5.141029 7.841633 12.93153 18.55404 23.1176 25.53392 25.60378 23.9305 22.08859 20.14753 13.14985 2.998256 5.023664 11.62199 16.07308 17.32369 16.78578 15.57681 13.37902 8.385313 2.589757 0 0.6712543 1.687731 3.698759 9.924828 17.10312 20.31957 19.48656 18.42406 18.82298 16.0136 16.15554 16.15929 17.50461 16.70075 14.19254 12.87993 11.34399 10.68086 12.67966 12.42377 11.85104 8.298255 3.281697 2.869689 3.572298 -9999 -9999 -9999 
-9999 -9999 -9999 -9999 -9999 -9999 -9999 -9999 -9999 -9999 -9999 -9999 -9999 -9999 -9999 -9999 -9999 -9999 -9999 -9999 -9999 -9999 -9999 -9999 -9999 -9999 -9999 -9999 -9999 -9999 -9999 -9999 -9999 -9999 -9999 -9999 -9999 -9999 -9999 -9999 -9999 -9999 -9999 -9999 -9999 -9999 -9999 -9999 -9999 -9999 -9999 -9999 -9999 -9999 -9999 -9999 -9999 6.510571 9.767959 15.65136 21.59469 24.11545 23.54241 21.45507 16.72818 12.90555 11.15553 2.111846 9.69449 14.11486 15.00632 14.33779 12.93273 13.54827 14.33186 14.88658 13.31704 5.890335 0.41301 3.172693 6.468628 9.06149 8.558917 3.657093 4.678984 9.223665 16.26119 18.97867 16.5268 15.2975 15.84021 18.35827 16.98844 17.79753 20.72728 21.43328 21.17633 22.65808 24.13269 22.90133 18.12374 10.16355 5.527709 3.264052 -9999 -9999 -9999 
-9999 -9999 -9999 -9999 -9999 -9999 -9999 -9999 -9999 -9999 -9999 -9999 -9999 -9999 -9999 -9999 -9999 -9999 -9999 -9999 -9999 -9999 -9999 -9999 -9999 -9999 -9999 -9999 -9999 -9999 -9999 -9999 -9999 -9999 -9999 -9999 -9999 -9999 -9999 -9999 -9999 -9999 -9999 -9999 -9999 -9999 -9999 -9999 -9999 -9999 -9999 -9999 -9999 -9999 -9999 -9999 -9999 5.171312 9.092409 15.55847 19.8292 18.28765 14.38141 12.5595 10.10011 10.66131 10.1158 8.40261 18.42167 17.55772 15.21927 12.67069 10.81341 11.34993 12.44223 14.52792 16.66518 9.444247 1.44657 6.559738 10.4431 13.06596 15.93884 17.76223 16.48635 11.0838 4.333722 13.03727 15.73196 14.74698 16.69298 20.60785 22.08029 24.68837 27.03238 27.52046 26.4271 26.42849 27.80467 27.50704 23.64771 15.75253 7.365195 2.148251 -9999 -9999 -9999 
-9999 -9999 -9999 -9999 -9999 -9999 -9999 -9999 -9999 -9999 -9999 -9999 -9999 -9999 -9999 -9999 -9999 -9999 -9999 -9999 -9999 -9999 -9999 -9999 -9999 -9999 -9999 -9999 -9999 -9999 -9999 -9999 -9999 -9999 -9999 -9999 -9999 -9999 -9999 -9999 -9999 -9999 -9999 -9999 -9999 -9999 -9999 -9999 -9999 -9999 -9999 -9999 -9999 -9999 -9999 -9999 -9999 -9999 4.17588 11.13825 15.1156 17.41926 21.28408 25.63397 24.21142 19.54317 12.27568 16.14289 22.23927 16.86614 14.71701 13.31417 12.2225 11.86481 11.91661 13.87837 17.13693 11.36439 2.442684 9.479736 12.52147 13.33102 15.21906 19.86394 23.60563 23.66703 17.36919 4.759053 5.615931 11.12267 14.77947 17.49837 16.06383 12.79497 12.84854 14.38359 13.53636 12.09218 13.85141 19.09984 22.03473 17.33153 8.46985 2.015484 0.6327618 -9999 -9999 
-9999 -9999 -9999 -9999 -9999 -9999 -9999 -9999 -9999 -9999 -9999 -9999 -9999 -9999 -9999 -9999 -9999 -9999 -9999 -9999 -9999 -9999 -9999 -9999 -9999 -9999 -9999 -9999 -9999 -9999 -9999 -9999 -9999 -9999 -9999 -9999 -9999 -9999 -9999 -9999 -9999 -9999 -9999 -9999 -9999 -9999 -9999 -9999 -9999 -9999 -9999 -9999 -9999 -9999 -9999 -9999 -9999 -9999 5.717128 12.79397 19.45607 26.27881 30.37071 29.99307 28.27279 26.57981 12.93452 21.36093 22.34484 15.40871 13.25985 13.81448 14.29944 14.26709 14.70699 15.70263 16.4266 11.36061 2.390661 11.51817 13.88246 14.72024 15.3954 15.85882 18.33617 22.3602 26.16043 22.13224 13.26895 6.306346 4.478391 9.4432 10.59409 9.235347 11.8911 16.15758 20.00778 21.08693 20.31909 19.7747 20.39665 16.40919 8.519467 2.949843 1.242996 -9999 -9999 
-9999 -9999 -9999 -9999 -9999 -9999 -9999 -9999 -9999 -9999 -9999 -9999 -9999 -9999 -9999 -9999 -9999 -9999 -9999 -9999 -9999 -9999 -9999 -9999 -9999 -9999 -9999 -9999 -9999 -9999 -9999 -9999 -9999 -9999 -9999 -9999 -9999 -9999 -9999 -9999 -9999 -9999 -9999 -9999 -9999 -9999 -9999 -9999 -9999 -9999 -9999 -9999 -9999 -9999 -9999 -9999 -9999 -9999 7.922774 13.45126 18.49007 23.535 25.52894 25.24499 31.01568 31.50723 18.20092 21.76163 20.95345 14.51319 13.01243 14.25372 16.08277 17.34916 18.79815 18.81495 17.64155 12.24823 2.795287 13.20958 14.96185 15.75529 15.56802 13.44697 13.29107 16.89674 23.28202 25.95165 23.73034 20.30293 14.33904 6.87786 11.93212 10.75327 12.18896 15.00866 17.02849 16.42169 14.30704 14.81644 16.48767 13.44405 7.257611 3.713771 1.847826 -9999 -9999 
-9999 -9999 -9999 -9999 -9999 -9999 -9999 -9999 -9999 -9999 -9999 -9999 -9999 -9999 -9999 -9999 -9999 -9999 -9999 -9999 -9999 -9999 -9999 -9999 -9999 -9999 -9999 -9999 -9999 -9999 -9999 -9999 -9999 -9999 -9999 -9999 -9999 -9999 -9999 -9999 -9999 -9999 -9999 -9999 -9999 -9999 -9999 -9999 -9999 -9999 -9999 -9999 -9999 -9999 -9999 -9999 -9999 -9999 7.232528 11.21566 12.81673 13.6187 13.96167 20.10279 26.81076 26.94518 16.67074 19.84731 19.96691 13.31411 12.85688 14.13597 16.66136 19.06253 20.7867 21.55939 20.84234 15.72056 2.863601 14.61342 15.35835 15.78834 15.57809 14.00871 11.82858 12.7933 18.42839 23.58822 23.39527 20.02279 17.82473 11.58078 4.224154 13.5017 16.65713 16.20216 16.87231 17.90825 18.19566 17.60547 16.197 11.45867 5.887401 4.124238 2.492366 -9999 -9999 
-9999 -9999 -9999 -9999 -9999 -9999 -9999 -9999 -9999 -9999 -9999 -9999 -9999 -9999 -9999 -9999 -9999 -9999 -9999 -9999 -9999 -9999 -9999 -9999 -9999 -9999 -9999 -9999 -9999 -9999 -9999 -9999 -9999 -9999 -9999 -9999 -9999 -9999 -9999 -9999 -9999 -9999 -9999 -9999 -9999 -9999 -9999 -9999 -9999 -9999 -9999 -9999 -9999 -9999 -9999 -9999 -9999 -9999 2.542397 6.541343 5.893951 4.20601 6.685068 18.30411 22.37688 19.71286 13.97261 20.32626 18.82424 11.79153 11.48221 12.841 15.80059 18.66608 20.17975 21.91877 21.542 19.14409 2.789632 15.64835 15.26635 14.99365 15.3938 15.61262 12.49603 8.811077 12.58467 18.29635 21.03921 19.84308 18.78025 19.55589 13.1134 5.35023 13.28764 17.2778 19.88379 21.14165 22.90688 22.66949 20.2277 12.94258 5.209455 3.647485 3.296775 -9999 -9999 
-9999 -9999 -9999 -9999 -9999 -9999 -9999 -9999 -9999 -9999 -9999 -9999 -9999 -9999 -9999 -9999 -9999 -9999 -9999 -9999 -9999 -9999 -9999 -9999 -9999 -9999 -9999 -9999 -9999 -9999 -9999 -9999 -9999 -9999 -9999 -9999 -9999 -9999 -9999 -9999 -9999 -9999 -9999 -9999 -9999 -9999 -9999 -9999 -9999 -9999 -9999 -9999 -9999 -9999 -9999 -9999 -9999 -9999 -9999 -9999 1.018592 1.398161 5.4573 16.73681 19.43247 16.05871 18.26035 21.54666 17.01499 11.08781 10.35897 11.67046 14.98778 17.93075 19.66105 21.71848 20.57228 19.77982 7.751637 14.51979 16.60592 15.32801 15.43969 16.823 14.75671 9.131923 8.332079 12.33789 17.20325 20.28728 19.69714 19.64006 17.77585 10.72639 12.5394 7.123199 11.73369 17.90043 22.76568 22.4099 19.74715 13.53792 6.29192 3.99773 2.327698 -9999 -9999 
-9999 -9999 -9999 -9999 -9999 -9999 -9999 -9999 -9999 -9999 -9999 -9999 -9999 -9999 -9999 -9999 -9999 -9999 -9999 -9999 -9999 -9999 -9999 -9999 -9999 -9999 -9999 -9999 -9999 -9999 -9999 -9999 -9999 -9999 -9999 -9999 -9999 -9999 -9999 -9999 -9999 -9999 -9999 -9999 -9999 -9999 -9999 -9999 -9999 -9999 -9999 -9999 -9999 -9999 -9999 -9999 -9999 -9999 -9999 -9999 -9999 1.262665 3.93237 14.15582 17.35933 17.90223 20.43221 19.17263 13.56148 8.822932 8.847548 10.69182 14.76563 18.18553 19.87612 21.30457 19.44282 16.54913 9.118144 10.86582 19.27269 17.58979 17.13024 17.68888 15.19673 10.46126 7.503312 8.157713 11.8731 15.79054 17.27474 21.36546 15.81578 15.5002 20.7988 18.84525 13.62055 22.08391 28.57306 25.35368 17.71927 9.10513 4.657182 3.33808 -9999 -9999 -9999 
-9999 -9999 -9999 -9999 -9999 -9999 -9999 -9999 -9999 -9999 -9999 -9999 -9999 -9999 -9999 -9999 -9999 -9999 -9999 -9999 -9999 -9999 -9999 -9999 -9999 -9999 -9999 -9999 -9999 -9999 -9999 -9999 -9999 -9999 -9999 -9999 -9999 -9999 -9999 -9999 -9999 -9999 -9999 -9999 -9999 -9999 -9999 -9999 -9999 -9999 -9999 -9999 -9999 -9999 -9999 -9999 -9999 -9999 -9999 -9999 -9999 -9999 2.952743 9.903084 14.48179 15.48475 14.94325 12.21882 7.77773 6.929389 7.820642 9.330537 14.41629 18.91435 20.43066 20.57952 17.8428 14.0789 8.39168 8.224072 20.62317 19.37291 16.25965 14.8753 13.28569 9.551486 5.839981 4.616019 6.910548 9.874559 16.3922 23.09518 11.54039 21.36591 22.06775 20.94935 17.54782 22.80142 30.12193 23.55177 13.49389 5.929865 1.499145 1.052788 -9999 -9999 -9999 
-9999 -9999 -9999 -9999 -9999 -9999 -9999 -9999 -9999 -9999 -9999 -9999 -9999 -9999 -9999 -9999 -9999 -9999 -9999 -9999 -9999 -9999 -9999 -9999 -9999 -9999 -9999 -9999 -9999 -9999 -9999 -9999 -9999 -9999 -9999 -9999 -9999 -9999 -9999 -9999 -9999 -9999 -9999 -9999 -9999 -9999 -9999 -9999 -9999 -9999 -9999 -9999 -9999 -9999 -9999 -9999 -9999 -9999 -9999 -9999 -9999 -9999 1.412406 5.379195 9.788697 11.4575 9.510531 5.266361 7.066049 10.56947 10.29369 11.08062 15.85823 19.86569 20.82255 19.56813 15.81869 12.71605 8.375454 6.703385 19.30198 19.43317 16.27805 15.81911 16.12244 12.96543 7.180002 2.998347 3.804999 6.024483 18.46806 20.61497 14.81115 24.97969 20.94936 18.58613 18.62211 18.42998 26.41385 20.03403 8.509845 1.82827 1.608708 -9999 -9999 -9999 -9999 
-9999 -9999 -9999 -9999 -9999 -9999 -9999 -9999 -9999 -9999 -9999 -9999 -9999 -9999 -9999 -9999 -9999 -9999 -9999 -9999 -9999 -9999 -9999 -9999 -9999 -9999 -9999 -9999 -9999 -9999 -9999 -9999 -9999 -9999 -9999 -9999 -9999 -9999 -9999 -9999 -9999 -9999 -9999 -9999 -9999 -9999 -9999 -9999 -9999 -9999 -9999 -9999 -9999 -9999 -9999 -9999 -9999 -9999 -9999 -9999 -9999 -9999 -9999 3.490205 5.215067 6.448903 6.085361 7.628236 15.40088 19.52863 18.30869 17.05828 18.664 19.998 19.62448 17.85854 14.18879 10.46559 7.703269 4.762209 16.09976 16.6021 16.19692 16.42807 16.95988 16.19991 11.65956 6.055036 3.851209 5.068624 17.80791 18.27994 20.87832 25.08531 20.59194 18.91714 19.89141 13.74866 19.36496 18.82653 8.665604 1.777108 2.158321 -9999 -9999 -9999 -9999 
-9999 -9999 -9999 -9999 -9999 -9999 -9999 -9999 -9999 -9999 -9999 -9999 -9999 -9999 -9999 -9999 -9999 -9999 -9999 -9999 -9999 -9999 -9999 -9999 -9999 -9999 -9999 -9999 -9999 -9999 -9999 -9999 -9999 -9999 -9999 -9999 -9999 -9999 -9999 -9999 -9999 -9999 -9999 -9999 -9999 -9999 -9999 -9999 -9999 -9999 -9999 -9999 -9999 -9999 -9999 -9999 -9999 -9999 -9999 -9999 -9999 -9999 -9999 1.41953 1.291569 1.066745 4.750349 13.48849 23.3239 23.76513 19.10842 18.42809 18.75347 17.59489 15.89745 14.78615 12.35932 8.895349 7.593883 3.870149 13.87911 12.69205 13.33887 14.4409 14.66839 14.88137 12.36093 8.139635 5.101843 3.500301 13.48973 17.46308 23.40673 25.62589 22.72482 21.24431 21.90667 16.56949 13.64456 16.71809 9.713088 3.923369 3.348899 -9999 -9999 -9999 -9999 
-9999 -9999 -9999 -9999 -9999 -9999 -9999 -9999 -9999 -9999 -9999 -9999 -9999 -9999 -9999 -9999 -9999 -9999 -9999 -9999 -9999 -9999 -9999 -9999 -9999 -9999 -9999 -9999 -9999 -9999 -9999 -9999 -9999 -9999 -9999 -9999 -9999 -9999 -9999 -9999 -9999 -9999 -9999 -9999 -9999 -9999 -9999 -9999 -9999 -9999 -9999 -9999 -9999 -9999 -9999 -9999 -9999 -9999 -9999 -9999 -9999 -9999 -9999 1.057354 2.672202 5.133872 9.943573 20.19679 27.52326 23.54804 15.966 14.66704 14.39072 12.07071 9.555248 10.93758 11.72123 10.48301 10.45513 2.428676 14.07503 13.76413 15.42952 15.84803 14.57242 12.93147 10.3463 8.235026 7.057076 3.886788 4.011359 12.0966 19.7691 21.19311 17.29717 14.97683 17.72374 17.80271 14.91972 13.59682 9.136765 6.419554 4.896845 -9999 -9999 -9999 -9999 
-9999 -9999 -9999 -9999 -9999 -9999 -9999 -9999 -9999 -9999 -9999 -9999 -9999 -9999 -9999 -9999 -9999 -9999 -9999 -9999 -9999 -9999 -9999 -9999 -9999 -9999 -9999 -9999 -9999 -9999 -9999 -9999 -9999 -9999 -9999 -9999 -9999 -9999 -9999 -9999 -9999 -9999 -9999 -9999 -9999 -9999 -9999 -9999 -9999 -9999 -9999 -9999 -9999 -9999 -9999 -9999 -9999 -9999 -9999 -9999 -9999 -9999 -9999 1.956412 5.53504 9.147222 15.84423 24.62667 26.51889 20.93233 13.25655 7.879822 5.589035 4.439467 5.840727 10.44095 13.93672 14.28609 15.39242 5.887426 12.2384 17.22032 16.20694 14.79153 13.12051 11.17879 9.759789 10.95526 14.07978 15.27846 11.71807 9.526319 13.48033 13.15896 7.084066 1.549687 6.92838 9.609479 11.41777 10.93925 8.011888 7.9361 5.698369 -9999 -9999 -9999 -9999 
-9999 -9999 -9999 -9999 -9999 -9999 -9999 -9999 -9999 -9999 -9999 -9999 -9999 -9999 -9999 -9999 -9999 -9999 -9999 -9999 -9999 -9999 -9999 -9999 -9999 -9999 -9999 -9999 -9999 -9999 -9999 -9999 -9999 -9999 -9999 -9999 -9999 -9999 -9999 -9999 -9999 -9999 -9999 -9999 -9999 -9999 -9999 -9999 -9999 -9999 -9999 -9999 -9999 -9999 -9999 -9999 -9999 -9999 -9999 -9999 -9999 -9999 -9999 -9999 5.986857 9.680179 16.2065 21.94507 19.3805 14.02748 9.298254 6.003629 7.155443 9.140884 10.23151 11.13279 12.59339 12.88563 14.74981 13.24622 3.691967 18.47744 17.89573 15.89629 16.48243 14.95479 14.62909 17.15289 20.77288 22.88816 23.02256 19.78365 16.43658 13.13995 10.76709 8.948054 5.37262 1.240565 2.67963 4.72697 4.554272 6.160691 5.136512 -9999 -9999 -9999 -9999 
-9999 -9999 -9999 -9999 -9999 -9999 -9999 -9999 -9999 -9999 -9999 -9999 -9999 -9999 -9999 -9999 -9999 -9999 -9999 -9999 -9999 -9999 -9999 -9999 -9999 -9999 -9999 -9999 -9999 -9999 -9999 -9999 -9999 -9999 -9999 -9999 -9999 -9999 -9999 -9999 -9999 -9999 -9999 -9999 -9999 -9999 -9999 -9999 -9999 -9999 -9999 -9999 -9999 -9999 -9999 -9999 -9999 -9999 -9999 -9999 -9999 -9999 -9999 -9999 4.641439 7.993284 13.18343 17.68574 16.82674 16.91136 16.75692 14.66267 13.7388 13.3757 12.29328 11.37747 11.73874 11.21762 13.02853 16.36404 10.81331 10.6093 17.16915 15.15759 18.50793 18.98144 18.38224 18.41396 17.66742 18.13282 23.13826 21.75589 18.31508 16.86123 15.81556 14.10783 11.8199 9.433764 8.209237 7.700956 5.071951 5.095392 3.989143 -9999 -9999 -9999 -9999 
-9999 -9999 -9999 -9999 -9999 -9999 -9999 -9999 -9999 -9999 -9999 -9999 -9999 -9999 -9999 -9999 -9999 -9999 -9999 -9999 -9999 -9999 -9999 -9999 -9999 -9999 -9999 -9999 -9999 -9999 -9999 -9999 -9999 -9999 -9999 -9999 -9999 -9999 -9999 -9999 -9999 -9999 -9999 -9999 -9999 -9999 -9999 -9999 -9999 -9999 -9999 -9999 -9999 -9999 -9999 -9999 -9999 -9999 -9999 -9999 -9999 -9999 -9999 -9999 1.881744 4.270192 8.047091 11.78362 16.63198 19.29368 19.78776 18.26236 16.99428 15.37267 13.73979 14.39363 14.65115 14.57833 16.38448 17.96683 18.09226 4.538069 11.24154 13.99233 15.29604 15.99611 14.89068 12.70644 9.429635 13.88694 21.76781 18.84237 16.68432 19.48916 20.4666 18.85526 16.65571 14.00983 11.34385 10.20735 7.277412 5.025198 2.611182 -9999 -9999 -9999 -9999 
-9999 -9999 -9999 -9999 -9999 -9999 -9999 -9999 -9999 -9999 -9999 -9999 -9999 -9999 -9999 -9999 -9999 -9999 -9999 -9999 -9999 -9999 -9999 -9999 -9999 -9999 -9999 -9999 -9999 -9999 -9999 -9999 -9999 -9999 -9999 -9999 -9999 -9999 -9999 -9999 -9999 -9999 -9999 -9999 -9999 -9999 -9999 -9999 -9999 -9999 -9999 -9999 -9999 -9999 -9999 -9999 -9999 -9999 -9999 -9999 -9999 -9999 -9999 -9999 -9999 -9999 -9999 2.760545 6.085506 9.51869 13.19299 14.21972 14.18232 13.62812 13.86377 15.94495 17.11322 16.78755 16.01622 16.60558 17.43409 12.63818 0.7676212 7.586197 7.759324 8.687726 6.436494 4.635722 5.690888 12.52974 19.54999 18.4943 17.46248 17.34503 15.43341 12.4373 9.76092 9.116916 9.455766 9.024914 6.863663 3.873957 1.72146 -9999 -9999 -9999 -9999 
-9999 -9999 -9999 -9999 -9999 -9999 -9999 -9999 -9999 -9999 -9999 -9999 -9999 -9999 -9999 -9999 -9999 -9999 -9999 -9999 -9999 -9999 -9999 -9999 -9999 -9999 -9999 -9999 -9999 -9999 -9999 -9999 -9999 -9999 -9999 -9999 -9999 -9999 -9999 -9999 -9999 -9999 -9999 -9999 -9999 -9999 -9999 -9999 -9999 -9999 -9999 -9999 -9999 -9999 -9999 -9999 -9999 -9999 -9999 -9999 -9999 -9999 -9999 -9999 -9999 -9999 -9999 -9999 -9999 2.3079 4.20071 5.382274 7.020195 8.747025 10.78555 12.64951 13.18537 12.00639 12.47546 14.79609 14.01615 12.93337 7.112378 7.321155 3.529823 6.25465 5.43031 4.850245 5.811646 7.72647 12.45455 14.04843 12.44986 11.3974 12.36344 13.3278 14.85085 15.49662 13.68817 10.03435 5.966439 2.139608 -9999 -9999 -9999 -9999 -9999 
-9999 -9999 -9999 -9999 -9999 -9999 -9999 -9999 -9999 -9999 -9999 -9999 -9999 -9999 -9999 -9999 -9999 -9999 -9999 -9999 -9999 -9999 -9999 -9999 -9999 -9999 -9999 -9999 -9999 -9999 -9999 -9999 -9999 -9999 -9999 -9999 -9999 -9999 -9999 -9999 -9999 -9999 -9999 -9999 -9999 -9999 -9999 -9999 -9999 -9999 -9999 -9999 -9999 -9999 -9999 -9999 -9999 -9999 -9999 -9999 -9999 -9999 -9999 -9999 -9999 -9999 -9999 -9999 -9999 -9999 -9999 0.9044363 1.989805 3.938031 5.811704 6.94347 8.9125 12.40718 15.32127 15.53399 11.60192 7.24997 9.375013 10.51913 7.613511 4.790273 6.310285 8.000192 8.972845 9.257629 9.074162 8.812828 8.869607 11.49928 14.00469 16.33238 18.44112 15.84644 11.79954 8.693721 5.754362 2.846405 -9999 -9999 -9999 -9999 -9999 
-9999 -9999 -9999 -9999 -9999 -9999 -9999 -9999 -9999 -9999 -9999 -9999 -9999 -9999 -9999 -9999 -9999 -9999 -9999 -9999 -9999 -9999 -9999 -9999 -9999 -9999 -9999 -9999 -9999 -9999 -9999 -9999 -9999 -9999 -9999 -9999 -9999 -9999 -9999 -9999 -9999 -9999 -9999 -9999 -9999 -9999 -9999 -9999 -9999 -9999 -9999 -9999 -9999 -9999 -9999 -9999 -9999 -9999 -9999 -9999 -9999 -9999 -9999 -9999 -9999 -9999 -9999 -9999 -9999 -9999 -9999 -9999 2.643756 4.31462 6.337069 8.603083 11.95935 15.10464 16.46392 15.29494 7.556724 5.51415 13.34044 14.31986 13.49215 9.375134 6.017954 9.295015 10.68082 10.98128 13.91311 16.21399 16.20163 16.28452 17.37201 18.58969 19.86997 17.20746 12.15114 8.595103 6.5296 3.139603 -9999 -9999 -9999 -9999 -9999 
-9999 -9999 -9999 -9999 -9999 -9999 -9999 -9999 -9999 -9999 -9999 -9999 -9999 -9999 -9999 -9999 -9999 -9999 -9999 -9999 -9999 -9999 -9999 -9999 -9999 -9999 -9999 -9999 -9999 -9999 -9999 -9999 -9999 -9999 -9999 -9999 -9999 -9999 -9999 -9999 -9999 -9999 -9999 -9999 -9999 -9999 -9999 -9999 -9999 -9999 -9999 -9999 -9999 -9999 -9999 -9999 -9999 -9999 -9999 -9999 -9999 -9999 -9999 -9999 -9999 -9999 -9999 -9999 -9999 -9999 -9999 -9999 2.086689 5.669026 8.53717 10.90557 13.02565 13.97127 14.40205 12.65752 3.84322 13.48717 16.38195 15.15219 15.52784 12.65956 7.035177 6.927314 11.93574 11.84191 12.396 14.42129 15.49583 17.1172 17.48674 17.47659 19.09678 17.74969 12.10593 7.568805 6.140264 -9999 -9999 -9999 -9999 -9999 -9999 
-9999 -9999 -9999 -9999 -9999 -9999 -9999 -9999 -9999 -9999 -9999 -9999 -9999 -9999 -9999 -9999 -9999 -9999 -9999 -9999 -9999 -9999 -9999 -9999 -9999 -9999 -9999 -9999 -9999 -9999 -9999 -9999 -9999 -9999 -9999 -9999 -9999 -9999 -9999 -9999 -9999 -9999 -9999 -9999 -9999 -9999 -9999 -9999 -9999 -9999 -9999 -9999 -9999 -9999 -9999 -9999 -9999 -9999 -9999 -9999 -9999 -9999 -9999 -9999 -9999 -9999 -9999 -9999 -9999 -9999 -9999 -9999 -9999 4.311388 7.542198 9.17384 10.87213 11.03655 11.34858 9.587398 9.900079 17.3583 16.09488 12.23726 14.39078 13.96582 10.00711 3.857898 9.734242 14.18148 15.11551 14.1825 12.65271 13.99312 15.08971 16.35918 18.2885 16.51866 10.13414 5.404252 2.915992 -9999 -9999 -9999 -9999 -9999 -9999 
-9999 -9999 -9999 -9999 -9999 -9999 -9999 -9999 -9999 -9999 -9999 -9999 -9999 -9999 -9999 -9999 -9999 -9999 -9999 -9999 -9999 -9999 -9999 -9999 -9999 -9999 -9999 -9999 -9999 -9999 -9999 -9999 -9999 -9999 -9999 -9999 -9999 -9999 -9999 -9999 -9999 -9999 -9999 -9999 -9999 -9999 -9999 -9999 -9999 -9999 -9999 -9999 -9999 -9999 -9999 -9999 -9999 -9999 -9999 -9999 -9999 -9999 -9999 -9999 -9999 -9999 -9999 -9999 -9999 -9999 -9999 -9999 -9999 2.586547 6.198162 9.609337 12.08354 12.08866 10.88555 7.465707 11.39514 16.60702 13.97707 9.291004 12.22193 14.14296 12.41509 5.91427 5.194238 13.23364 16.8998 17.34763 15.20026 14.05132 14.01359 15.67864 17.15396 14.42934 8.738355 5.07637 -9999 -9999 -9999 -9999 -9999 -9999 -9999 
-9999 -9999 -9999 -9999 -9999 -9999 -9999 -9999 -9999 -9999 -9999 -9999 -9999 -9999 -9999 -9999 -9999 -9999 -9999 -9999 -9999 -9999 -9999 -9999 -9999 -9999 -9999 -9999 -9999 -9999 -9999 -9999 -9999 -9999 -9999 -9999 -9999 -9999 -9999 -9999 -9999 -9999 -9999 -9999 -9999 -9999 -9999 -9999 -9999 -9999 -9999 -9999 -9999 -9999 -9999 -9999 -9999 -9999 -9999 -9999 -9999 -9999 -9999 -9999 -9999 -9999 -9999 -9999 -9999 -9999 -9999 -9999 -9999 0.1326435 3.612516 7.915342 11.67715 13.69349 12.22227 6.147885 11.14372 15.83182 13.17799 9.014091 10.79754 13.06285 13.3014 8.65577 2.959809 9.001778 14.89059 17.89975 17.93178 18.68286 18.58024 16.96057 15.65637 12.38543 7.740931 4.105183 -9999 -9999 -9999 -9999 -9999 -9999 -9999 
-9999 -9999 -9999 -9999 -9999 -9999 -9999 -9999 -9999 -9999 -9999 -9999 -9999 -9999 -9999 -9999 -9999 -9999 -9999 -9999 -9999 -9999 -9999 -9999 -9999 -9999 -9999 -9999 -9999 -9999 -9999 -9999 -9999 -9999 -9999 -9999 -9999 -9999 -9999 -9999 -9999 -9999 -9999 -9999 -9999 -9999 -9999 -9999 -9999 -9999 -9999 -9999 -9999 -9999 -9999 -9999 -9999 -9999 -9999 -9999 -9999 -9999 -9999 -9999 -9999 -9999 -9999 -9999 -9999 -9999 -9999 -9999 -9999 -9999 1.639013 5.268024 9.665257 14.36882 15.01073 7.404026 10.62544 15.51462 11.58251 5.957961 8.935055 12.69096 14.36921 11.68739 6.946947 3.56481 10.84479 16.78206 18.94995 20.79895 21.67165 19.39935 15.60845 11.73352 6.605593 3.459185 -9999 -9999 -9999 -9999 -9999 -9999 -9999 
-9999 -9999 -9999 -9999 -9999 -9999 -9999 -9999 -9999 -9999 -9999 -9999 -9999 -9999 -9999 -9999 -9999 -9999 -9999 -9999 -9999 -9999 -9999 -9999 -9999 -9999 -9999 -9999 -9999 -9999 -9999 -9999 -9999 -9999 -9999 -9999 -9999 -9999 -9999 -9999 -9999 -9999 -9999 -9999 -9999 -9999 -9999 -9999 -9999 -9999 -9999 -9999 -9999 -9999 -9999 -9999 -9999 -9999 -9999 -9999 -9999 -9999 -9999 -9999 -9999 -9999 -9999 -9999 -9999 -9999 -9999 -9999 -9999 -9999 1.51272 3.935656 8.086448 13.73332 17.47252 11.58016 8.019814 15.077 11.73372 5.260859 8.297462 13.37782 17.14889 18.48516 14.54127 6.088304 7.841291 14.94891 19.27271 21.40504 22.35886 20.90752 16.86428 12.82637 5.434286 2.571296 -9999 -9999 -9999 -9999 -9999 -9999 -9999 
-9999 -9999 -9999 -9999 -9999 -9999 -9999 -9999 -9999 -9999 -9999 -9999 -9999 -9999 -9999 -9999 -9999 -9999 -9999 -9999 -9999 -9999 -9999 -9999 -9999 -9999 -9999 -9999 -9999 -9999 -9999 -9999 -9999 -9999 -9999 -9999 -9999 -9999 -9999 -9999 -9999 -9999 -9999 -9999 -9999 -9999 -9999 -9999 -9999 -9999 -9999 -9999 -9999 -9999 -9999 -9999 -9999 -9999 -9999 -9999 -9999 -9999 -9999 -9999 -9999 -9999 -9999 -9999 -9999 -9999 -9999 -9999 -9999 -9999 -9999 2.902934 5.677203 10.9061 17.5756 17.29643 8.037303 13.5733 13.93751 8.014101 9.13248 13.43188 16.80487 19.15277 19.00951 8.494937 11.97383 17.20204 18.68977 19.18392 20.51771 21.06249 17.86212 13.89 6.531083 1.194217 -9999 -9999 -9999 -9999 -9999 -9999 -9999 
-9999 -9999 -9999 -9999 -9999 -9999 -9999 -9999 -9999 -9999 -9999 -9999 -9999 -9999 -9999 -9999 -9999 -9999 -9999 -9999 -9999 -9999 -9999 -9999 -9999 -9999 -9999 -9999 -9999 -9999 -9999 -9999 -9999 -9999 -9999 -9999 -9999 -9999 -9999 -9999 -9999 -9999 -9999 -9999 -9999 -9999 -9999 -9999 -9999 -9999 -9999 -9999 -9999 -9999 -9999 -9999 -9999 -9999 -9999 -9999 -9999 -9999 -9999 -9999 -9999 -9999 -9999 -9999 -9999 -9999 -9999 -9999 -9999 -9999 -9999 -9999 3.118079 6.641366 14.36349 19.85658 12.81859 10.91372 15.99464 11.34118 9.720848 11.86719 12.63313 17.19469 21.33377 7.381975 18.53851 21.47548 20.53492 19.3341 19.62799 20.09184 17.22988 12.78215 6.583917 2.125607 -9999 -9999 -9999 -9999 -9999 -9999 -9999 
-9999 -9999 -9999 -9999 -9999 -9999 -9999 -9999 -9999 -9999 -9999 -9999 -9999 -9999 -9999 -9999 -9999 -9999 -9999 -9999 -9999 -9999 -9999 -9999 -9999 -9999 -9999 -9999 -9999 -9999 -9999 -9999 -9999 -9999 -9999 -9999 -9999 -9999 -9999 -9999 -9999 -9999 -9999 -9999 -9999 -9999 -9999 -9999 -9999 -9999 -9999 -9999 -9999 -9999 -9999 -9999 -9999 -9999 -9999 -9999 -9999 -9999 -9999 -9999 -9999 -9999 -9999 -9999 -9999 -9999 -9999 -9999 -9999 -9999 -9999 -9999 -9999 4.446106 9.017477 17.08216 14.986 7.680116 17.13696 14.86014 10.56977 10.83024 10.84331 20.21974 21.32276 9.41306 21.83912 20.51919 19.61047 20.28574 20.61238 19.19789 15.72415 10.32029 4.184766 -9999 -9999 -9999 -9999 -9999 -9999 -9999 -9999 
-9999 -9999 -9999 -9999 -9999 -9999 -9999 -9999 -9999 -9999 -9999 -9999 -9999 -9999 -9999 -9999 -9999 -9999 -9999 -9999 -9999 -9999 -9999 -9999 -9999 -9999 -9999 -9999 -9999 -9999 -9999 -9999 -9999 -9999 -9999 -9999 -9999 -9999 -9999 -9999 -9999 -9999 -9999 -9999 -9999 -9999 -9999 -9999 -9999 -9999 -9999 -9999 -9999 -9999 -9999 -9999 -9999 -9999 -9999 -9999 -9999 -9999 -9999 -9999 -9999 -9999 -9999 -9999 -9999 -9999 -9999 -9999 -9999 -9999 -9999 -9999 -9999 -9999 3.63063 11.12088 14.32839 7.08896 17.13399 17.68272 9.493929 7.824725 10.09768 21.93637 19.8432 10.27523 18.35438 16.91643 17.92851 19.12253 18.5658 16.18734 12.03227 6.095721 1.472121 -9999 -9999 -9999 -9999 -9999 -9999 -9999 -9999 
-9999 -9999 -9999 -9999 -9999 -9999 -9999 -9999 -9999 -9999 -9999 -9999 -9999 -9999 -9999 -9999 -9999 -9999 -9999 -9999 -9999 -9999 -9999 -9999 -9999 -9999 -9999 -9999 -9999 -9999 -9999 -9999 -9999 -9999 -9999 -9999 -9999 -9999 -9999 -9999 -9999 -9999 -9999 -9999 -9999 -9999 -9999 -9999 -9999 -9999 -9999 -9999 -9999 -9999 -9999 -9999 -9999 -9999 -9999 -9999 -9999 -9999 -9999 -9999 -9999 -9999 -9999 -9999 -9999 -9999 -9999 -9999 -9999 -9999 -9999 -9999 -9999 -9999 0.3276492 5.762197 11.56322 12.05597 17.69266 18.62793 8.558282 6.848131 11.28921 21.83361 23.006 15.53085 14.68709 15.75838 19.10074 18.36674 15.43941 12.0974 7.419095 2.456127 -9999 -9999 -9999 -9999 -9999 -9999 -9999 -9999 -9999 
-9999 -9999 -9999 -9999 -9999 -9999 -9999 -9999 -9999 -9999 -9999 -9999 -9999 -9999 -9999 -9999 -9999 -9999 -9999 -9999 -9999 -9999 -9999 -9999 -9999 -9999 -9999 -9999 -9999 -9999 -9999 -9999 -9999 -9999 -9999 -9999 -9999 -9999 -9999 -9999 -9999 -9999 -9999 -9999 -9999 -9999 -9999 -9999 -9999 -9999 -9999 -9999 -9999 -9999 -9999 -9999 -9999 -9999 -9999 -9999 -9999 -9999 -9999 -9999 -9999 -9999 -9999 -9999 -9999 -9999 -9999 -9999 -9999 -9999 -9999 -9999 -9999 -9999 -9999 2.779036 6.88424 13.60083 18.68274 16.71544 9.573813 8.771812 12.88187 20.97447 23.63845 21.22118 17.42855 15.57818 20.01761 18.9803 13.65702 7.853389 3.473627 0.7421004 -9999 -9999 -9999 -9999 -9999 -9999 -9999 -9999 -9999 
-9999 -9999 -9999 -9999 -9999 -9999 -9999 -9999 -9999 -9999 -9999 -9999 -9999 -9999 -9999 -9999 -9999 -9999 -9999 -9999 -9999 -9999 -9999 -9999 -9999 -9999 -9999 -9999 -9999 -9999 -9999 -9999 -9999 -9999 -9999 -9999 -9999 -9999 -9999 -9999 -9999 -9999 -9999 -9999 -9999 -9999 -9999 -9999 -9999 -9999 -9999 -9999 -9999 -9999 -9999 -9999 -9999 -9999 -9999 -9999 -9999 -9999 -9999 -9999 -9999 -9999 -9999 -9999 -9999 -9999 -9999 -9999 -9999 -9999 -9999 -9999 -9999 -9999 -9999 -9999 2.182891 10.78907 14.675 13.22582 10.55845 10.28126 12.61932 18.2219 20.85146 20.80681 18.72419 17.66253 20.5883 15.90732 10.50086 6.004054 2.78203 -9999 -9999 -9999 -9999 -9999 -9999 -9999 -9999 -9999 -9999 
-9999 -9999 -9999 -9999 -9999 -9999 -9999 -9999 -9999 -9999 -9999 -9999 -9999 -9999 -9999 -9999 -9999 -9999 -9999 -9999 -9999 -9999 -9999 -9999 -9999 -9999 -9999 -9999 -9999 -9999 -9999 -9999 -9999 -9999 -9999 -9999 -9999 -9999 -9999 -9999 -9999 -9999 -9999 -9999 -9999 -9999 -9999 -9999 -9999 -9999 -9999 -9999 -9999 -9999 -9999 -9999 -9999 -9999 -9999 -9999 -9999 -9999 -9999 -9999 -9999 -9999 -9999 -9999 -9999 -9999 -9999 -9999 -9999 -9999 -9999 -9999 -9999 -9999 -9999 -9999 -9999 -9999 6.069671 10.14784 10.9207 11.06206 12.04227 16.40507 20.77773 21.01154 19.67423 17.81152 16.35437 8.227316 5.602505 2.89697 -9999 -9999 -9999 -9999 -9999 -9999 -9999 -9999 -9999 -9999 -9999 
-9999 -9999 -9999 -9999 -9999 -9999 -9999 -9999 -9999 -9999 -9999 -9999 -9999 -9999 -9999 -9999 -9999 -9999 -9999 -9999 -9999 -9999 -9999 -9999 -9999 -9999 -9999 -9999 -9999 -9999 -9999 -9999 -9999 -9999 -9999 -9999 -9999 -9999 -9999 -9999 -9999 -9999 -9999 -9999 -9999 -9999 -9999 -9999 -9999 -9999 -9999 -9999 -9999 -9999 -9999 -9999 -9999 -9999 -9999 -9999 -9999 -9999 -9999 -9999 -9999 -9999 -9999 -9999 -9999 -9999 -9999 -9999 -9999 -9999 -9999 -9999 -9999 -9999 -9999 -9999 -9999 -9999 -9999 -9999 7.594392 10.03578 11.192 13.78957 16.53842 17.38475 17.50179 13.05345 7.323809 2.557201 -9999 -9999 -9999 -9999 -9999 -9999 -9999 -9999 -9999 -9999 -9999 -9999 -9999 
-9999 -9999 -9999 -9999 -9999 -9999 -9999 -9999 -9999 -9999 -9999 -9999 -9999 -9999 -9999 -9999 -9999 -9999 -9999 -9999 -9999 -9999 -9999 -9999 -9999 -9999 -9999 -9999 -9999 -9999 -9999 -9999 -9999 -9999 -9999 -9999 -9999 -9999 -9999 -9999 -9999 -9999 -9999 -9999 -9999 -9999 -9999 -9999 -9999 -9999 -9999 -9999 -9999 -9999 -9999 -9999 -9999 -9999 -9999 -9999 -9999 -9999 -9999 -9999 -9999 -9999 -9999 -9999 -9999 -9999 -9999 -9999 -9999 -9999 -9999 -9999 -9999 -9999 -9999 -9999 -9999 -9999 -9999 -9999 -9999 4.782849 8.46269 8.671854 9.941617 12.03527 13.58064 9.02223 0.6822637 -9999 -9999 -9999 -9999 -9999 -9999 -9999 -9999 -9999 -9999 -9999 -9999 -9999 -9999 
-9999 -9999 -9999 -9999 -9999 -9999 -9999 -9999 -9999 -9999 -9999 -9999 -9999 -9999 -9999 -9999 -9999 -9999 -9999 -9999 -9999 -9999 -9999 -9999 -9999 -9999 -9999 -9999 -9999 -9999 -9999 -9999 -9999 -9999 -9999 -9999 -9999 -9999 -9999 -9999 -9999 -9999 -9999 -9999 -9999 -9999 -9999 -9999 -9999 -9999 -9999 -9999 -9999 -9999 -9999 -9999 -9999 -9999 -9999 -9999 -9999 -9999 -9999 -9999 -9999 -9999 -9999 -9999 -9999 -9999 -9999 -9999 -9999 -9999 -9999 -9999 -9999 -9999 -9999 -9999 -9999 -9999 -9999 -9999 -9999 -9999 -9999 2.107097 2.967514 4.600316 5.932516 -9999 -9999 -9999 -9999 -9999 -9999 -9999 -9999 -9999 -9999 -9999 -9999 -9999 -9999 -9999 -9999 
-9999 -9999 -9999 -9999 -9999 -9999 -9999 -9999 -9999 -9999 -9999 -9999 -9999 -9999 -9999 -9999 -9999 -9999 -9999 -9999 -9999 -9999 -9999 -9999 -9999 -9999 -9999 -9999 -9999 -9999 -9999 -9999 -9999 -9999 -9999 -9999 -9999 -9999 -9999 -9999 -9999 -9999 -9999 -9999 -9999 -9999 -9999 -9999 -9999 -9999 -9999 -9999 -9999 -9999 -9999 -9999 -9999 -9999 -9999 -9999 -9999 -9999 -9999 -9999 -9999 -9999 -9999 -9999 -9999 -9999 -9999 -9999 -9999 -9999 -9999 -9999 -9999 -9999 -9999 -9999 -9999 -9999 -9999 -9999 -9999 -9999 -9999 -9999 -9999 -9999 -9999 -9999 -9999 -9999 -9999 -9999 -9999 -9999 -9999 -9999 -9999 -9999 -9999 -9999 -9999 -9999 -9999 
